#Electric Potential
#x                y               E
0	0	0
-0.5	0	0
0	-0.5	0
0.5	0	0
-0.25	0.25	0
-0.35	0.25	0
-0.25	0.15	0
-0.15	0.25	0
0.25	0.25	0
0.15	0.25	0
0.25	0.15	0
0.35	0.25	0
0	-0.25	0
-0.1	-0.25	0
0	-0.35	0
0.1	-0.25	0
0	-0.15	0
-0.497592	-0.0490086	0
-0.490393	-0.0975452	0
-0.47847	-0.145142	0
-0.46194	-0.191342	0
-0.440961	-0.235698	0
-0.415735	-0.277785	0
-0.386505	-0.317197	0
-0.353553	-0.353553	0
-0.317197	-0.386505	0
-0.277785	-0.415735	0
-0.235698	-0.440961	0
-0.191342	-0.46194	0
-0.145142	-0.47847	0
-0.0975452	-0.490393	0
-0.0490086	-0.497592	0
0.0490086	-0.497592	0
0.0975452	-0.490393	0
0.145142	-0.47847	0
0.191342	-0.46194	0
0.235698	-0.440961	0
0.277785	-0.415735	0
0.317197	-0.386505	0
0.353553	-0.353553	0
0.386505	-0.317197	0
0.415735	-0.277785	0
0.440961	-0.235698	0
0.46194	-0.191342	0
0.47847	-0.145142	0
0.490393	-0.0975452	0
0.497592	-0.0490086	0
0.497592	0.0490086	0
0.490393	0.0975452	0
0.47847	0.145142	0
0.46194	0.191342	0
0.440961	0.235698	0
0.415735	0.277785	0
0.386505	0.317197	0
0.353553	0.353553	0
0.317197	0.386505	0
0.277785	0.415735	0
0.235698	0.440961	0
0.191342	0.46194	0
0.145142	0.47847	0
0.0975452	0.490393	0
0.0490086	0.497592	0
-0.0490086	0.497592	0
-0.0975452	0.490393	0
-0.145142	0.47847	0
-0.191342	0.46194	0
-0.235698	0.440961	0
-0.277785	0.415735	0
-0.317197	0.386505	0
-0.353553	0.353553	0
-0.386505	0.317197	0
-0.415735	0.277785	0
-0.440961	0.235698	0
-0.46194	0.191342	0
-0.47847	0.145142	0
-0.490393	0.0975452	0
-0.497592	0.0490086	0
-0.349518	0.240198	0
-0.348079	0.230491	0
-0.345694	0.220972	0
-0.342388	0.211732	0
-0.338192	0.20286	0
-0.333147	0.194443	0
-0.327301	0.186561	0
-0.320711	0.179289	0
-0.313439	0.172699	0
-0.305557	0.166853	0
-0.29714	0.161808	0
-0.288268	0.157612	0
-0.279028	0.154306	0
-0.269509	0.151921	0
-0.259802	0.150482	0
-0.240198	0.150482	0
-0.230491	0.151921	0
-0.220972	0.154306	0
-0.211732	0.157612	0
-0.20286	0.161808	0
-0.194443	0.166853	0
-0.186561	0.172699	0
-0.179289	0.179289	0
-0.172699	0.186561	0
-0.166853	0.194443	0
-0.161808	0.20286	0
-0.157612	0.211732	0
-0.154306	0.220972	0
-0.151921	0.230491	0
-0.150482	0.240198	0
-0.150482	0.259802	0
-0.151921	0.269509	0
-0.154306	0.279028	0
-0.157612	0.288268	0
-0.161808	0.29714	0
-0.166853	0.305557	0
-0.172699	0.313439	0
-0.179289	0.320711	0
-0.186561	0.327301	0
-0.194443	0.333147	0
-0.20286	0.338192	0
-0.211732	0.342388	0
-0.220972	0.345694	0
-0.230491	0.348079	0
-0.240198	0.349518	0
-0.259802	0.349518	0
-0.269509	0.348079	0
-0.279028	0.345694	0
-0.288268	0.342388	0
-0.29714	0.338192	0
-0.305557	0.333147	0
-0.313439	0.327301	0
-0.320711	0.320711	0
-0.327301	0.313439	0
-0.333147	0.305557	0
-0.338192	0.29714	0
-0.342388	0.288268	0
-0.345694	0.279028	0
-0.348079	0.269509	0
-0.349518	0.259802	0
0.150482	0.240198	0
0.151921	0.230491	0
0.154306	0.220972	0
0.157612	0.211732	0
0.161808	0.20286	0
0.166853	0.194443	0
0.172699	0.186561	0
0.179289	0.179289	0
0.186561	0.172699	0
0.194443	0.166853	0
0.20286	0.161808	0
0.211732	0.157612	0
0.220972	0.154306	0
0.230491	0.151921	0
0.240198	0.150482	0
0.259802	0.150482	0
0.269509	0.151921	0
0.279028	0.154306	0
0.288268	0.157612	0
0.29714	0.161808	0
0.305557	0.166853	0
0.313439	0.172699	0
0.320711	0.179289	0
0.327301	0.186561	0
0.333147	0.194443	0
0.338192	0.20286	0
0.342388	0.211732	0
0.345694	0.220972	0
0.348079	0.230491	0
0.349518	0.240198	0
0.349518	0.259802	0
0.348079	0.269509	0
0.345694	0.279028	0
0.342388	0.288268	0
0.338192	0.29714	0
0.333147	0.305557	0
0.327301	0.313439	0
0.320711	0.320711	0
0.313439	0.327301	0
0.305557	0.333147	0
0.29714	0.338192	0
0.288268	0.342388	0
0.279028	0.345694	0
0.269509	0.348079	0
0.259802	0.349518	0
0.240198	0.349518	0
0.230491	0.348079	0
0.220972	0.345694	0
0.211732	0.342388	0
0.20286	0.338192	0
0.194443	0.333147	0
0.186561	0.327301	0
0.179289	0.320711	0
0.172699	0.313439	0
0.166853	0.305557	0
0.161808	0.29714	0
0.157612	0.288268	0
0.154306	0.279028	0
0.151921	0.269509	0
0.150482	0.259802	0
-0.0995185	-0.259802	0
-0.0980785	-0.269509	0
-0.095694	-0.279028	0
-0.092388	-0.288268	0
-0.0881921	-0.29714	0
-0.083147	-0.305557	0
-0.077301	-0.313439	0
-0.0707107	-0.320711	0
-0.0634393	-0.327301	0
-0.055557	-0.333147	0
-0.0471397	-0.338192	0
-0.0382683	-0.342388	0
-0.0290285	-0.345694	0
-0.019509	-0.348079	0
-0.00980171	-0.349518	0
0.00980171	-0.349518	0
0.019509	-0.348079	0
0.0290285	-0.345694	0
0.0382683	-0.342388	0
0.0471397	-0.338192	0
0.055557	-0.333147	0
0.0634393	-0.327301	0
0.0707107	-0.320711	0
0.077301	-0.313439	0
0.083147	-0.305557	0
0.0881921	-0.29714	0
0.092388	-0.288268	0
0.095694	-0.279028	0
0.0980785	-0.269509	0
0.0995185	-0.259802	0
0.0995185	-0.240198	0
0.0980785	-0.230491	0
0.095694	-0.220972	0
0.092388	-0.211732	0
0.0881921	-0.20286	0
0.083147	-0.194443	0
0.077301	-0.186561	0
0.0707107	-0.179289	0
0.0634393	-0.172699	0
0.055557	-0.166853	0
0.0471397	-0.161808	0
0.0382683	-0.157612	0
0.0290285	-0.154306	0
0.019509	-0.151921	0
0.00980171	-0.150482	0
-0.00980171	-0.150482	0
-0.019509	-0.151921	0
-0.0290285	-0.154306	0
-0.0382683	-0.157612	0
-0.0471397	-0.161808	0
-0.055557	-0.166853	0
-0.0634393	-0.172699	0
-0.0707107	-0.179289	0
-0.077301	-0.186561	0
-0.083147	-0.194443	0
-0.0881921	-0.20286	0
-0.092388	-0.211732	0
-0.095694	-0.220972	-0
-0.0980785	-0.230491	-0
-0.0995185	-0.240198	0
-0.316861	0.31175	0
-0.182141	0.188256	0
-0.311368	0.182291	0
-0.188349	0.317377	0
-0.15831	0.25496	0
-0.245807	0.158608	0
-0.341214	0.245178	0
-0.255312	0.34179	0
-0.332607	0.21093	0
-0.289692	0.334519	0
-0.166738	0.290792	0
-0.163954	0.219307	0
-0.218843	0.335815	0
-0.21093	0.167393	0
-0.280714	0.163771	0
-0.337325	0.279646	0
-0.340259	0.26332	0
-0.162325	0.271282	0
-0.202637	0.328497	0
-0.176743	0.304182	0
-0.323593	0.194082	0
-0.270992	0.339755	0
-0.340175	0.228687	0
-0.236237	0.340685	0
-0.296641	0.172157	0
-0.305398	0.323063	0
-0.264995	0.158392	0
-0.171216	0.204373	0
-0.159291	0.236788	0
-0.327904	0.296201	0
-0.228296	0.161922	0
-0.195225	0.17614	0
-0.336388	0.219954	0
-0.326902	0.219178	0
-0.322858	0.210503	0
-0.317404	0.21846	0
-0.313105	0.209758	0
-0.307661	0.217826	0
-0.312046	0.226581	0
-0.302255	0.225983	0
-0.297868	0.217203	0
-0.29246	0.225387	0
-0.296847	0.234164	0
-0.287052	0.233573	0
-0.282665	0.224795	0
-0.277256	0.232983	0
-0.281643	0.241761	0
-0.271848	0.241171	0
-0.26746	0.232393	0
-0.262052	0.240582	0
-0.266439	0.24936	0
-0.256643	0.24877	0
-0.252256	0.239992	0
-0.246848	0.248181	0
-0.251235	0.256959	0
-0.241439	0.256369	0
-0.237052	0.247591	0
-0.245826	0.265148	0
-0.231643	0.25578	0
-0.227256	0.247002	0
-0.221847	0.25519	0
-0.21746	0.246412	0
-0.222869	0.238223	0
-0.212052	0.254601	0
-0.216439	0.263379	0
-0.213073	0.237634	0
-0.218481	0.229445	0
-0.206643	0.262789	0
-0.21103	0.271568	0
-0.208685	0.228856	0
-0.214094	0.220667	0
-0.22389	0.221257	0
-0.219502	0.212478	0
-0.229298	0.213068	0
-0.203277	0.237044	0
-0.255622	0.265737	0
-0.250214	0.273926	0
-0.26001	0.274515	0
-0.254601	0.282704	0
-0.264397	0.283294	0
-0.258988	0.291482	0
-0.249193	0.290893	0
-0.268784	0.292072	0
-0.274193	0.283883	0
-0.224911	0.20429	0
-0.234707	0.204879	0
-0.25358	0.299671	0
-0.243784	0.299081	0
-0.27858	0.292661	0
-0.283988	0.284473	0
-0.201235	0.270978	0
-0.205622	0.279756	0
-0.196847	0.2622	0
-0.273172	0.30085	0
-0.19889	0.228266	0
-0.209707	0.211889	0
-0.193481	0.236455	0
-0.230319	0.196101	0
-0.240115	0.196691	0
-0.244503	0.205469	0
-0.249911	0.19728	0
-0.248171	0.307859	0
-0.238376	0.30727	0
-0.288376	0.293251	0
-0.293784	0.285062	0
-0.289397	0.276284	0
-0.299193	0.276874	0
-0.215418	0.280346	0
-0.210009	0.288534	0
-0.294805	0.268095	0
-0.304601	0.268685	0
-0.254298	0.206058	0
-0.259707	0.19787	0
-0.220524	0.195512	0
-0.255319	0.189092	0
-0.265115	0.189681	0
-0.269503	0.198459	0
-0.191439	0.270388	0
-0.187052	0.26161	0
-0.274911	0.190271	0
-0.200214	0.287945	0
-0.204601	0.296723	0
-0.235728	0.187912	0
-0.308989	0.277463	0
-0.314397	0.269275	0
-0.31001	0.260496	0
-0.189094	0.227677	0
-0.298172	0.29384	0
-0.292763	0.302029	0
-0.279298	0.199049	0
-0.214397	0.297313	0
-0.239397	0.290303	0
-0.28501	0.267506	0
-0.24889	0.214247	0
-0.242763	0.316048	0
-0.252559	0.316638	0
-0.232967	0.315459	0
-0.183685	0.235865	0
-0.284707	0.19086	0
-0.208988	0.305501	0
-0.319806	0.261086	0
-0.315418	0.252308	0
-0.260728	0.180903	0
-0.181643	0.269799	0
-0.289094	0.199638	0
-0.305622	0.251718	0
-0.27389	0.207238	0
-0.233686	0.221846	0
-0.194502	0.219488	0
-0.184707	0.218898	0
-0.190115	0.21071	0
-0.240418	0.273336	0
-0.265418	0.266327	0
-0.18603	0.278577	0
-0.258686	0.214837	0
-0.250932	0.180313	0
-0.290418	0.259317	0
-0.194805	0.296133	0
-0.177256	0.261021	0
-0.294503	0.19145	0
-0.247164	0.324597	0
-0.256957	0.325227	0
-0.262356	0.317196	0
-0.28032	0.182082	0
-0.318627	0.277949	0
-0.31335	0.286224	0
-0.325214	0.252897	0
-0.320827	0.244119	0
-0.302555	0.302616	0
-0.299021	0.200161	0
-0.218784	0.306091	0
-0.213552	0.314191	0
-0.280622	0.258728	0
-0.224192	0.297902	0
-0.188073	0.244643	0
-0.178277	0.244054	0
-0.253277	0.223025	0
-0.204612	0.313297	0
-0.296758	0.310548	0
-0.287289	0.310174	0
-0.174346	0.235115	0
-0.256328	0.172341	0
-0.266226	0.17327	0
-0.176235	0.277987	0
-0.181092	0.286531	0
-0.266777	0.325425	0
-0.272156	0.317715	0
-0.276304	0.32599	0
-0.291191	0.318716	0
-0.24667	0.172356	0
-0.304748	0.191562	0
-0.300037	0.183105	0
-0.167984	0.242797	0
-0.323115	0.287143	0
-0.317763	0.29502	0
-0.18004	0.209511	0
-0.186382	0.202299	0
-0.195632	0.202582	0
-0.173984	0.217649	0
-0.329705	0.261825	0
-0.30646	0.312537	0
-0.330842	0.244795	0
-0.326124	0.236171	0
-0.189696	0.193124	0
-0.200932	0.194332	0
-0.314487	0.192913	0
-0.308967	0.200806	0
-0.262375	0.334084	0
-0.321522	0.227368	0
-0.306642	0.234756	0
-0.30333	0.209022	0
-0.288073	0.216607	0
-0.291439	0.242351	0
-0.301235	0.242941	0
-0.272869	0.224205	0
-0.223201	0.314854	0
-0.218178	0.324923	0
-0.278277	0.216016	0
-0.286031	0.250539	0
-0.290455	0.182073	0
-0.285792	0.173083	0
-0.276083	0.173077	0
-0.307958	0.294424	0
-0.293512	0.20841	0
-0.233988	0.298492	0
-0.303574	0.285648	0
-0.275214	0.266916	0
-0.270564	0.181547	0
-0.199603	0.304727	0
-0.188765	0.306045	0
-0.179298	0.227087	0
-0.220826	0.272157	0
-0.225214	0.280935	0
-0.230622	0.272747	0
-0.235009	0.281525	0
-0.236031	0.264558	0
-0.207664	0.245822	0
-0.19246	0.253422	0
-0.244805	0.282114	0
-0.243481	0.222436	0
-0.204298	0.220077	0
-0.182664	0.252832	0
-0.195826	0.279167	0
-0.232664	0.238813	0
-0.24246	0.239403	0
-0.226235	0.263968	0
-0.276235	0.249949	0
-0.270826	0.258138	0
-0.202256	0.254011	0
-0.173165	0.251942	0
-0.167078	0.260391	0
-0.215115	0.2037	0
-0.210728	0.194922	0
-0.216136	0.186733	0
-0.206549	0.186456	0
-0.211293	0.177141	0
-0.221621	0.178717	0
-0.261031	0.257549	0
-0.171847	0.269209	0
-0.237362	0.324112	0
-0.227559	0.323647	0
-0.263376	0.30026	0
-0.323987	0.269741	0
-0.239094	0.213657	0
-0.199929	0.211309	0
-0.269805	0.275105	0
-0.300214	0.259907	0
-0.197868	0.245233	0
-0.279601	0.275694	0
-0.257665	0.231803	0
-0.247869	0.231214	0
-0.264094	0.206648	0
-0.184767	0.295701	0
-0.245524	0.188502	0
-0.263073	0.223615	0
-0.225945	0.187352	0
-0.228277	0.230035	0
-0.231351	0.179237	0
-0.268481	0.215426	0
-0.257968	0.308444	0
-0.219805	0.289124	0
-0.190456	0.287342	0
-0.282956	0.301432	0
-0.267764	0.309015	0
-0.281506	0.318037	0
-0.238073	0.230624	0
-0.229601	0.289713	0
-0.277474	0.309537	0
-0.335066	0.253765	0
-0.241159	0.179878	0
-0.20534	0.203123	0
-0.228585	0.306678	0
-0.236456	0.170408	0
-0.283691	0.207826	0
-0.295827	0.251129	0
-0.316365	0.235421	0
-0.311018	0.243544	0
-0.312329	0.303191	0
-0.175306	0.293432	0
-0.335368	0.23657	0
-0.333751	0.270297	0
-0.232344	0.331942	0
-0.169808	0.226699	0
-0.226347	0.17077	0
-0.196906	0.185527	0
-0.241695	0.332699	0
-0.270434	0.165581	0
-0.23725	0.160365	0
-0.322551	0.304193	0
-0.178432	0.196938	0
-0.181633	0.311964	0
-0.188303	0.182506	0
-0.158023	0.263189	0
-0.16389	0.281733	0
-0.328059	0.202533	0
-0.280021	0.335124	0
-0.202564	0.170858	0
-0.2961	0.327381	0
-0.218915	0.163124	0
-0.158569	0.245876	0
-0.167011	0.211235	0
-0.245839	0.341233	0
-0.194817	0.323261	0
-0.160968	0.227963	0
-0.332946	0.288226	0
-0.210546	0.331959	0
-0.255668	0.158292	0
-0.251574	0.332993	0
-0.305293	0.17554	0
-0.227234	0.338803	0
-0.327873	0.278315	0
-0.312135	0.318556	0
-0.209027	0.321938	0
-0.318512	0.201766	0
-0.195995	0.313725	0
-0.330833	0.228127	0
-0.263598	0.342645	0
-0.343164	0.254577	0
-0.217821	0.171429	0
-0.251605	0.165578	0
-0.289837	0.165592	0
-0.28544	0.326447	0
-0.202507	0.179224	0
-0.341022	0.27236	0
-0.165181	0.250861	0
-0.224518	0.330605	0
-0.166527	0.23352	0
-0.169059	0.276393	0
-0.319787	0.186748	0
-0.299186	0.318032	0
-0.260876	0.165576	0
-0.201417	0.320144	0
-0.172459	0.284585	0
-0.169192	0.298421	0
-0.271309	0.331805	0
-0.343245	0.236169	0
-0.272982	0.158382	0
-0.243047	0.165372	0
-0.173185	0.21092	0
0.31175	0.316861	0
0.188256	0.182141	0
0.182291	0.311368	0
0.317377	0.188349	0
0.25496	0.15831	0
0.158608	0.245807	0
0.245178	0.341214	0
0.34179	0.255312	0
0.21093	0.332607	0
0.334519	0.289692	0
0.290792	0.166738	0
0.219307	0.163954	0
0.335815	0.218843	0
0.167393	0.21093	0
0.163771	0.280714	0
0.279646	0.337325	0
0.26332	0.340259	0
0.271282	0.162325	0
0.328497	0.202637	0
0.304182	0.176743	0
0.194082	0.323593	0
0.339755	0.270992	0
0.228687	0.340175	0
0.340685	0.236237	0
0.172157	0.296641	0
0.323063	0.305398	0
0.158392	0.264995	0
0.204373	0.171216	0
0.236788	0.159291	0
0.296201	0.327904	0
0.161922	0.228296	0
0.17614	0.195225	0
0.219954	0.336388	0
0.219178	0.326902	0
0.210503	0.322858	0
0.21846	0.317404	0
0.209758	0.313105	0
0.217826	0.307661	0
0.226581	0.312046	0
0.225983	0.302255	0
0.217203	0.297868	0
0.225387	0.29246	0
0.234164	0.296847	0
0.233573	0.287052	0
0.224795	0.282665	0
0.232983	0.277256	0
0.241761	0.281643	0
0.241171	0.271848	0
0.232393	0.26746	0
0.240582	0.262052	0
0.24936	0.266439	0
0.24877	0.256643	0
0.239992	0.252256	0
0.248181	0.246848	0
0.256959	0.251235	0
0.256369	0.241439	0
0.247591	0.237052	0
0.265148	0.245826	0
0.25578	0.231643	0
0.247002	0.227256	0
0.25519	0.221847	0
0.246412	0.21746	0
0.238223	0.222869	0
0.254601	0.212052	0
0.263379	0.216439	0
0.237634	0.213073	0
0.229445	0.218481	0
0.262789	0.206643	0
0.271568	0.21103	0
0.228856	0.208685	0
0.220667	0.214094	0
0.221257	0.22389	0
0.212478	0.219502	0
0.213068	0.229298	0
0.237044	0.203277	0
0.265737	0.255622	0
0.273926	0.250214	0
0.274515	0.26001	0
0.282704	0.254601	0
0.283294	0.264397	0
0.291482	0.258988	0
0.290893	0.249193	0
0.292072	0.268784	0
0.283883	0.274193	0
0.20429	0.224911	0
0.204879	0.234707	0
0.299671	0.25358	0
0.299081	0.243784	0
0.292661	0.27858	0
0.284473	0.283988	0
0.270978	0.201235	0
0.279756	0.205622	0
0.2622	0.196847	0
0.30085	0.273172	0
0.228266	0.19889	0
0.211889	0.209707	0
0.236455	0.193481	0
0.196101	0.230319	0
0.196691	0.240115	0
0.205469	0.244503	0
0.19728	0.249911	0
0.307859	0.248171	0
0.30727	0.238376	0
0.293251	0.288376	0
0.285062	0.293784	0
0.276284	0.289397	0
0.276874	0.299193	0
0.280346	0.215418	0
0.288534	0.210009	0
0.268095	0.294805	0
0.268685	0.304601	0
0.206058	0.254298	0
0.19787	0.259707	0
0.195512	0.220524	0
0.189092	0.255319	0
0.189681	0.265115	0
0.198459	0.269503	0
0.270388	0.191439	0
0.26161	0.187052	0
0.190271	0.274911	0
0.287945	0.200214	0
0.296723	0.204601	0
0.187912	0.235728	0
0.277463	0.308989	0
0.269275	0.314397	0
0.260496	0.31001	0
0.227677	0.189094	0
0.29384	0.298172	0
0.302029	0.292763	0
0.199049	0.279298	0
0.297313	0.214397	0
0.290303	0.239397	0
0.267506	0.28501	0
0.214247	0.24889	0
0.316048	0.242763	0
0.316638	0.252559	0
0.315459	0.232967	0
0.235865	0.183685	0
0.19086	0.284707	0
0.305501	0.208988	0
0.261086	0.319806	0
0.252308	0.315418	0
0.180903	0.260728	0
0.269799	0.181643	0
0.199638	0.289094	0
0.251718	0.305622	0
0.207238	0.27389	0
0.221846	0.233686	0
0.219488	0.194502	0
0.218898	0.184707	0
0.21071	0.190115	0
0.273336	0.240418	0
0.266327	0.265418	0
0.278577	0.18603	0
0.214837	0.258686	0
0.180313	0.250932	0
0.259317	0.290418	0
0.296133	0.194805	0
0.261021	0.177256	0
0.19145	0.294503	0
0.324597	0.247164	0
0.325227	0.256957	0
0.317196	0.262356	0
0.182082	0.28032	0
0.277949	0.318627	0
0.286224	0.31335	0
0.252897	0.325214	0
0.244119	0.320827	0
0.302616	0.302555	0
0.200161	0.299021	0
0.306091	0.218784	0
0.314191	0.213552	0
0.258728	0.280622	0
0.297902	0.224192	0
0.244643	0.188073	0
0.244054	0.178277	0
0.223025	0.253277	0
0.313297	0.204612	0
0.310548	0.296758	0
0.310174	0.287289	0
0.235115	0.174346	0
0.172341	0.256328	0
0.17327	0.266226	0
0.277987	0.176235	0
0.286531	0.181092	0
0.325425	0.266777	0
0.317715	0.272156	0
0.32599	0.276304	0
0.318716	0.291191	0
0.172356	0.24667	0
0.191562	0.304748	0
0.183105	0.300037	0
0.242797	0.167984	0
0.287143	0.323115	0
0.29502	0.317763	0
0.209511	0.18004	0
0.202299	0.186382	0
0.202582	0.195632	0
0.217649	0.173984	0
0.261825	0.329705	0
0.312537	0.30646	0
0.244795	0.330842	0
0.236171	0.326124	0
0.193124	0.189696	0
0.194332	0.200932	0
0.192913	0.314487	0
0.200806	0.308967	0
0.334084	0.262375	0
0.227368	0.321522	0
0.234756	0.306642	0
0.209022	0.30333	0
0.216607	0.288073	0
0.242351	0.291439	0
0.242941	0.301235	0
0.224205	0.272869	0
0.314854	0.223201	0
0.324923	0.218178	0
0.216016	0.278277	0
0.250539	0.286031	0
0.182073	0.290455	0
0.173083	0.285792	0
0.173077	0.276083	0
0.294424	0.307958	0
0.20841	0.293512	0
0.298492	0.233988	0
0.285648	0.303574	0
0.266916	0.275214	0
0.181547	0.270564	0
0.304727	0.199603	0
0.306045	0.188765	0
0.227087	0.179298	0
0.272157	0.220826	0
0.280935	0.225214	0
0.272747	0.230622	0
0.281525	0.235009	0
0.264558	0.236031	0
0.245822	0.207664	0
0.253422	0.19246	0
0.282114	0.244805	0
0.222436	0.243481	0
0.220077	0.204298	0
0.252832	0.182664	0
0.279167	0.195826	0
0.238813	0.232664	0
0.239403	0.24246	0
0.263968	0.226235	0
0.249949	0.276235	0
0.258138	0.270826	0
0.254011	0.202256	0
0.251942	0.173165	0
0.260391	0.167078	0
0.2037	0.215115	0
0.194922	0.210728	0
0.186733	0.216136	0
0.186456	0.206549	0
0.177141	0.211293	0
0.178717	0.221621	0
0.257549	0.261031	0
0.269209	0.171847	0
0.324112	0.237362	0
0.323647	0.227559	0
0.30026	0.263376	0
0.269741	0.323987	0
0.213657	0.239094	0
0.211309	0.199929	0
0.275105	0.269805	0
0.259907	0.300214	0
0.245233	0.197868	0
0.275694	0.279601	0
0.231803	0.257665	0
0.231214	0.247869	0
0.206648	0.264094	0
0.295701	0.184767	0
0.188502	0.245524	0
0.223615	0.263073	0
0.187352	0.225945	0
0.230035	0.228277	0
0.179237	0.231351	0
0.215426	0.268481	0
0.308444	0.257968	0
0.289124	0.219805	0
0.287342	0.190456	0
0.301432	0.282956	0
0.309015	0.267764	0
0.318037	0.281506	0
0.230624	0.238073	0
0.289713	0.229601	0
0.309537	0.277474	0
0.253765	0.335066	0
0.179878	0.241159	0
0.203123	0.20534	0
0.306678	0.228585	0
0.170408	0.236456	0
0.207826	0.283691	0
0.251129	0.295827	0
0.235421	0.316365	0
0.243544	0.311018	0
0.303191	0.312329	0
0.293432	0.175306	0
0.23657	0.335368	0
0.270297	0.333751	0
0.331942	0.232344	0
0.226699	0.169808	0
0.17077	0.226347	0
0.185527	0.196906	0
0.332699	0.241695	0
0.165581	0.270434	0
0.160365	0.23725	0
0.304193	0.322551	0
0.196938	0.178432	0
0.311964	0.181633	0
0.182506	0.188303	0
0.263189	0.158023	0
0.281733	0.16389	0
0.202533	0.328059	0
0.335124	0.280021	0
0.170858	0.202564	0
0.327381	0.2961	0
0.163124	0.218915	0
0.245876	0.158569	0
0.211235	0.167011	0
0.341233	0.245839	0
0.323261	0.194817	0
0.227963	0.160968	0
0.288226	0.332946	0
0.331959	0.210546	0
0.158292	0.255668	0
0.332993	0.251574	0
0.17554	0.305293	0
0.338803	0.227234	0
0.278315	0.327873	0
0.318556	0.312135	0
0.321938	0.209027	0
0.201766	0.318512	0
0.313725	0.195995	0
0.228127	0.330833	0
0.342645	0.263598	0
0.254577	0.343164	0
0.171429	0.217821	0
0.165578	0.251605	0
0.165592	0.289837	0
0.326447	0.28544	0
0.179224	0.202507	0
0.27236	0.341022	0
0.250861	0.165181	0
0.330605	0.224518	0
0.23352	0.166527	0
0.276393	0.169059	0
0.186748	0.319787	0
0.318032	0.299186	0
0.165576	0.260876	0
0.320144	0.201417	0
0.284585	0.172459	0
0.298421	0.169192	0
0.331805	0.271309	0
0.236169	0.343245	0
0.158382	0.272982	0
0.165372	0.243047	0
0.21092	0.173185	0
0.073857	-0.30478	0
-0.0742219	-0.196164	0
-0.0541916	-0.324873	0
0.0543744	-0.176886	0
-0.0902393	-0.263455	0
-0.013154	-0.159225	0
0.0906381	-0.236312	0
0.0122432	-0.342016	0
-0.0879611	-0.228403	0
-0.0801055	-0.296571	0
0.0463374	-0.327985	0
0.0886368	-0.270792	0
0.077722	-0.204183	0
0.0225372	-0.161134	0
-0.0220361	-0.33803	0
-0.0461428	-0.170203	0
-0.0677087	-0.311368	0
-0.0390703	-0.332607	0
0.0613676	-0.317709	0
-0.0625178	-0.180643	0
0.0828603	-0.289387	0
-0.0819068	-0.210317	0
0.0394377	-0.167628	0
0.0912509	-0.254394	0
-0.0921708	-0.24698	0
0.0678357	-0.186795	0
0.00490486	-0.158835	0
-0.0858867	-0.281093	0
-0.0043606	-0.341432	0
-0.0317284	-0.163704	0
0.0863021	-0.218637	0
0.030542	-0.33624	0
-0.0739462	-0.303829	0
-0.0646432	-0.301818	0
-0.0582552	-0.308945	0
-0.0553459	-0.299748	0
-0.0487064	-0.306828	0
-0.0458383	-0.297527	0
-0.0525761	-0.290421	0
-0.0430328	-0.288151	0
-0.0362867	-0.29528	0
-0.0334868	-0.285879	0
-0.0402332	-0.278753	0
-0.0306879	-0.276475	0
-0.0239413	-0.283602	0
-0.0211426	-0.274196	0
-0.0278892	-0.26707	0
-0.018344	-0.264791	0
-0.0115975	-0.271917	0
-0.00879889	-0.262511	0
-0.0155455	-0.255385	0
-0.00600033	-0.253105	0
0.000746258	-0.260232	0
0.00354482	-0.250826	0
-0.00320177	-0.243699	0
0.00634338	-0.24142	0
0.01309	-0.248546	0
-0.000403211	-0.234293	0
0.0158885	-0.23914	0
0.0226351	-0.246267	0
0.0254337	-0.236861	0
0.0321803	-0.243988	0
0.0293817	-0.253394	0
0.0349788	-0.234582	0
0.0282322	-0.227455	0
0.0389268	-0.251114	0
0.0361283	-0.26052	0
0.0377774	-0.225176	0
0.0310308	-0.218049	0
0.0456734	-0.258241	0
0.0428749	-0.267647	0
0.0333297	-0.269926	0
0.0400763	-0.277053	0
0.0305312	-0.279332	0
0.044524	-0.232302	0
-0.00994836	-0.236573	0
-0.0071498	-0.227166	0
-0.0166949	-0.229446	0
-0.0138964	-0.22004	0
-0.0234415	-0.222319	0
-0.020643	-0.212913	0
-0.0110978	-0.210634	0
-0.0301881	-0.215193	0
-0.0329867	-0.224599	0
0.0372778	-0.286459	0
0.0277326	-0.288738	0
-0.0178444	-0.203507	0
-0.00829927	-0.201228	0
-0.0397333	-0.217472	0
-0.0425318	-0.226878	0
0.0405759	-0.21577	0
0.0338293	-0.208643	0
-0.0369347	-0.208066	0
0.05242	-0.265368	0
0.0552186	-0.255962	0
0.0344792	-0.295865	0
0.0249341	-0.298144	0
0.0181875	-0.291018	0
0.0153889	-0.300424	0
0.0468229	-0.28418	0
-0.0150459	-0.194101	0
-0.00550071	-0.191822	0
-0.0492784	-0.219751	0
-0.052077	-0.229157	0
-0.0453304	-0.236284	0
-0.0548755	-0.238563	0
0.0242842	-0.210922	0
0.0270828	-0.201516	0
-0.0481289	-0.24569	0
-0.0576741	-0.24797	0
0.00864232	-0.293297	0
0.00584376	-0.302703	0
0.0125903	-0.30983	0
0.0030452	-0.312109	0
-0.00370139	-0.304983	0
0.0433745	-0.206363	0
0.0501211	-0.21349	0
-0.00649995	-0.314389	0
0.0316806	-0.305271	0
0.0619652	-0.263088	0
0.0647637	-0.253682	0
-0.0644207	-0.240843	0
-0.0672192	-0.250249	0
-0.0604726	-0.257376	0
-0.0588236	-0.222031	0
-0.056025	-0.212625	0
-0.0132465	-0.307262	0
0.0175376	-0.203796	0
0.0203362	-0.19439	0
0.0298813	-0.19211	0
-0.0385838	-0.243411	0
0.0147391	-0.213202	0
0.0237846	-0.272206	0
0.0412258	-0.302992	0
-0.0122473	-0.184695	0
-0.0217924	-0.186974	0
-0.00270215	-0.182416	0
-0.0160451	-0.316668	0
0.0231347	-0.184984	0
-0.0700178	-0.259655	0
-0.0632712	-0.266782	0
0.00979179	-0.319236	0
0.0529196	-0.204084	0
0.0596662	-0.211211	0
0.0715103	-0.260809	0
0.0687118	-0.270215	0
-0.0227917	-0.309541	0
-0.0537261	-0.264502	0
-0.010448	-0.297856	0
0.0461731	-0.196957	0
0.0114409	-0.283891	0
-0.0194935	-0.238852	0
-0.0413824	-0.252817	0
0.0580171	-0.246555	0
0.0675623	-0.244276	0
0.0193369	-0.316957	0
0.0608157	-0.237149	0
0.0703608	-0.23487	0
0.00189573	-0.286171	0
-0.0255902	-0.318947	0
-0.0189405	-0.177792	0
-0.0284952	-0.180031	0
-0.0313303	-0.189284	0
0.0384111	-0.31233	0
-0.00929851	-0.323795	0
-0.0737846	-0.243176	0
-0.0711371	-0.233725	0
-0.0728164	-0.269061	0
-0.0660698	-0.276188	0
-0.0655653	-0.214906	0
0.0324862	-0.182887	0
-0.0324421	-0.311923	0
0.0135896	-0.187263	0
0.0162447	-0.177993	0
0.00124588	-0.198948	0
-0.0318372	-0.250537	0
0.00239535	-0.224887	0
0.0568677	-0.220617	0
0.0664128	-0.218337	0
0.00469429	-0.276765	0
0.0477344	-0.309857	0
0.0507313	-0.300669	0
-0.0623206	-0.205632	0
-0.0531513	-0.203241	0
0.0767173	-0.242283	0
0.016488	-0.326152	0
0.00674583	-0.328136	0
0.0624648	-0.201805	0
-0.0379492	-0.182692	0
-0.040859	-0.191633	0
-0.04723	-0.184918	0
-0.0593651	-0.1962	0
0.0257255	-0.323334	0
-0.0354269	-0.321814	0
-0.0284643	-0.32854	0
0.0805752	-0.233085	0
-0.0807485	-0.23568	0
-0.0779139	-0.22659	0
0.0787011	-0.268437	0
0.0747258	-0.27718	0
0.0657911	-0.279594	0
0.0821341	-0.258892	0
-0.079706	-0.261821	0
-0.0721826	-0.206546	0
0.0581923	-0.308476	0
0.0601321	-0.298293	0
-0.0758498	-0.278448	0
-0.0688322	-0.285331	0
0.0742172	-0.286922	0
-0.0451387	-0.323349	0
-0.0421474	-0.314193	0
-0.0362508	-0.173129	0
-0.0618726	-0.29242	0
-0.0497782	-0.28103	0
-0.0391384	-0.304695	0
-0.0267401	-0.293007	0
-0.0374344	-0.269349	0
-0.0469796	-0.271628	0
-0.014396	-0.281323	0
0.00799247	-0.206075	0
0.0535322	-0.291276	0
-0.0346358	-0.259943	0
0.00681909	-0.180159	0
0.00870233	-0.169066	0
-0.068358	-0.224313	0
-0.0189946	-0.326746	0
-0.0119234	-0.333995	0
-0.00263045	-0.331182	0
-0.0171947	-0.290729	0
0.0393942	-0.189861	0
0.0423452	-0.178581	0
0.0440115	-0.293573	0
0.0563415	-0.281891	0
0.0591418	-0.272488	0
-0.0262401	-0.231725	0
-0.0616153	-0.231439	0
-0.00155268	-0.208354	0
0.0142394	-0.274485	0
0.0496192	-0.274773	0
0.0366225	-0.199242	0
-0.0295654	-0.30243	0
0.0553364	-0.195039	0
0.049156	-0.187332	0
0.000192319	-0.321475	0
-0.0273896	-0.205787	0
0.0250275	-0.176283	0
0.00519391	-0.215481	0
0.0119405	-0.222608	0
0.00914194	-0.232014	0
-0.0127469	-0.245979	0
-0.00435124	-0.21776	0
0.0102914	-0.257952	0
0.0198366	-0.255673	0
0.0631146	-0.289027	0
-0.0464673	-0.210349	0
-0.0436627	-0.20096	0
0.0417254	-0.241708	0
-0.00090283	-0.295577	0
-0.0245898	-0.196386	0
0.010791	-0.196669	0
0.0265831	-0.2628	0
-0.0765314	-0.252586	0
0.0221355	-0.30755	0
-0.0509275	-0.255096	0
-0.0341277	-0.198686	0
-0.0357852	-0.234005	0
0.0743089	-0.251403	0
0.0473225	-0.222896	0
-0.0250906	-0.257664	0
0.0186871	-0.229734	0
0.020986	-0.281612	0
0.0214856	-0.220328	0
0.048472	-0.248835	0
-0.0824965	-0.27109	0
-0.00941962	-0.175411	0
9.64083e-05	-0.17301	0
0.0692114	-0.208931	0
0.0761577	-0.216007	0
-0.0441809	-0.262222	0
0.0288197	-0.314541	0
0.0512706	-0.239429	0
0.00749285	-0.267358	0
0.017038	-0.265079	0
-0.0290387	-0.241131	0
-0.0020523	-0.269638	0
0.0636143	-0.227743	0
0.00404045	-0.189546	0
-0.00485086	-0.279044	0
0.0540691	-0.230023	0
-0.0222921	-0.248258	0
-0.0498959	-0.194042	0
-0.0199977	-0.300138	0
-0.00764944	-0.28845	0
0.0360681	-0.322236	0
0.0729964	-0.225829	0
-0.0565247	-0.273907	0
-0.0592756	-0.283216	0
-0.0750861	-0.217192	0
0.0588698	-0.186755	0
-0.0777935	-0.287633	0
-0.0860367	-0.254889	0
-0.00689064	-0.166461	0
0.0835027	-0.249019	0
0.0456261	-0.318945	0
0.0694419	-0.296519	0
-0.0160592	-0.168451	0
0.0049519	-0.336716	0
0.038221	-0.332075	0
-0.0851583	-0.219201	0
0.083889	-0.280002	0
0.0731906	-0.194637	0
0.0549648	-0.324111	0
-0.0609192	-0.318083	0
-0.053438	-0.177256	0
0.0841524	-0.210684	0
0.0211979	-0.339405	0
0.0886909	-0.227405	0
-0.0225016	-0.161488	0
-0.0665772	-0.189333	0
0.0915955	-0.245244	0
0.0683671	-0.311964	0
0.0906688	-0.263005	0
0.0477708	-0.170351	0
0.0786193	-0.296717	0
-0.0904704	-0.237498	0
0.0315408	-0.163875	0
0.0139635	-0.160117	0
-0.025598	-0.171037	0
-0.0312971	-0.337304	0
-0.00399252	-0.158412	0
-0.0827396	-0.24551	0
-0.0793606	-0.202433	0
0.0183262	-0.169266	0
-0.0515597	-0.316045	0
0.0331969	-0.173331	0
-0.0710034	-0.294396	0
-0.039906	-0.165291	0
-0.090481	-0.272664	0
0.053577	-0.31582	0
0.0229708	-0.331253	0
-0.0136194	-0.342338	0
-0.0561048	-0.187133	0
0.0659981	-0.304006	0
-0.0935931	-0.255025	0
0.0808893	-0.224663	0
0.000986363	-0.165469	0
0.0846629	-0.241539	0
0.0697937	-0.201247	0
-0.0484214	-0.330786	0
-0.0668169	-0.199175	0
0.0140996	-0.333946	0
0.0261257	-0.168778	0
0.0641625	-0.194395	0
0.0632722	-0.180206	0
-0.0441384	-0.177903	0
-0.0852154	-0.290303	0
0.00460291	-0.344344	0
0.0312197	-0.328966	0
0.0848519	-0.265099	0
0.439508	-0.114563	0
-0.44549	-0.112969	0
0.370478	-0.275366	0
-0.375905	-0.270858	0
0.093342	-0.305736	0
-0.0929229	-0.305681	0
-0.459319	0.0240688	0
0.0253882	0.45791	0
0.46088	0.0244794	0
-0.330488	0.17704	0
0.175967	0.330243	0
0.330303	0.177218	0
-0.176504	0.331178	0
-0.07409	-0.331201	0
0.0731938	-0.330515	0
-0.270456	-0.369037	0
0.277276	-0.372053	0
-0.102995	-0.286745	0
0.102193	-0.286621	0
-0.0463709	-0.348304	0
0.0463909	-0.3481	0
0.0265616	-0.355455	0
-0.02622	-0.355696	0
0.00466967	-0.360067	0
-0.343457	0.193814	0
0.193817	0.343451	0
-0.194435	0.343995	0
0.342959	0.194282	0
-0.353616	0.213968	0
0.213986	0.353321	0
-0.213488	0.352043	0
0.35324	0.213647	0
-0.358429	0.232172	0
-0.358248	0.255318	0
0.234098	0.357205	0
0.255318	0.358248	0
-0.233253	0.35831	0
-0.256904	0.359999	0
0.357205	0.234098	0
0.359999	0.256904	0
0.111019	0.443211	0
-0.443211	0.111019	0
0.444242	0.112689	0
-0.115329	0.444635	0
-0.201258	-0.416085	0
0.199201	-0.419239	0
-0.112457	-0.453713	0
0.109695	-0.455096	0
-0.405852	-0.202515	0
0.415404	-0.201114	0
-0.0224192	-0.456354	0
0.199652	0.425015	0
-0.419989	0.197353	0
0.413036	0.195352	0
-0.195352	0.413036	0
0.356477	0.276637	0
-0.276637	0.356477	0
0.276559	0.355957	0
-0.355957	0.276559	0
0.240459	0.401365	0
-0.396513	0.240389	0
0.396329	0.244001	0
-0.242488	0.400294	0
0.33705	0.314561	0
-0.314561	0.33705	0
0.314561	0.33705	0
-0.33705	0.314561	0
-0.383327	0.207067	0
0.207098	0.380839	0
-0.205623	0.383699	0
0.384666	0.207448	0
0.299971	0.346938	0
-0.346938	0.299971	0
0.346938	0.299971	0
-0.299971	0.346938	0
-0.150608	0.433573	0
-0.124787	0.408202	0
-0.0922041	0.413507	0
-0.104057	0.385998	0
-0.151499	0.294973	0
-0.16295	0.314561	0
-0.0746853	0.388481	0
-0.0879046	0.362899	0
-0.0596395	0.36616	0
-0.068369	0.342245	0
-0.0448946	0.34596	0
0.152454	0.295637	0
-0.0537293	0.32572	0
-0.0326811	0.32854	0
-0.0398859	0.310488	0
0.143296	0.265583	0
-0.0213122	0.313648	0
-0.027965	0.296508	0
-0.141779	0.244501	0
-0.0108931	0.299143	0
-0.0176816	0.283129	0
-0.00184523	0.284865	0
-0.00801579	0.270597	0
0.0048829	0.29926	0
0.006926	0.2723	0
0.00129942	0.258663	0
0.143381	0.232646	0
-0.0132654	0.256646	0
-0.00422314	0.245367	0
-0.0179886	0.243388	0
-0.00941226	0.232766	0
-0.0228681	0.230765	0
-0.0144818	0.220351	0
-0.000946507	0.222339	0
-0.00601608	0.210234	0
-0.0191917	0.208141	0
-0.0111548	0.197989	0
-0.0238626	0.195986	0
-0.0157999	0.186089	0
-0.00333578	0.187915	0
-0.00792527	0.17629	0
-0.0204226	0.174459	0
-0.0123813	0.164829	0
-0.0248051	0.16294	0
-0.0169088	0.153431	0
-0.0290327	0.151442	0
-0.0214001	0.142103	0
-0.0332321	0.140197	0
-0.0253731	0.130862	0
-0.0374395	0.129094	0
-0.0296235	0.119862	0
-0.0415732	0.118119	0
-0.03418	0.108832	0
-0.045667	0.107043	0
-0.0225545	0.110871	0
-0.0268425	0.0997792	0
-0.0151106	0.101972	0
-0.0196485	0.0911559	0
-0.00819961	0.0931948	0
-0.0126299	0.0824188	0
-0.00125148	0.0843891	0
-0.00562576	0.0736923	0
0.00573842	0.0756979	0
0.00130555	0.0650834	0
0.0126031	0.0670367	0
-0.00960998	0.0629433	0
0.0063533	-0.140353	0
0.170316	0.178515	0
0.00822535	0.056529	0
0.0189823	0.0580773	0
0.014962	0.0479347	0
0.0256362	0.0494753	0
0.021659	0.0394047	0
0.0323172	0.0410457	0
0.036269	0.0510074	0
0.0428789	0.0426081	0
0.0389847	0.0327113	0
0.0494648	0.0342706	0
0.0455963	0.0244252	0
0.0560125	0.0260022	0
0.0599075	0.0358089	0
0.0664421	0.0274904	0
0.0360308	-0.148495	0
0.0704701	0.0373983	0
0.0771814	0.0289003	0
0.194662	0.156023	0
0.0730913	0.0186606	0
0.0843354	0.0201688	0
0.0798452	0.00919577	0
0.0921469	0.0112071	0
0.0812452	0.0390799	0
0.152774	0.20342	0
0.0871621	-0.000589873	0
0.100198	0.00156917	0
-0.177218	0.169697	0
0.00442286	0.178108	0
0.0950448	-0.0106176	0
0.108348	-0.00896393	0
0.113258	0.00396671	0
0.121974	-0.00695559	0
0.265787	0.143515	0
0.234355	0.142769	0
0.116969	-0.0204652	0
0.127396	0.005433	0
0.0650968	-0.163676	0
0.131495	-0.0185854	0
-0.156982	0.194682	0
0.0107581	0.0864874	0
0.126023	-0.0326823	0
-0.0530097	0.116259	0
-0.057027	0.105555	0
0.142133	-0.0301428	0
0.082138	-0.0123371	0
0.13618	-0.0453071	0
-0.0642114	0.114377	0
-0.0680997	0.103288	0
0.152869	-0.0426174	0
0.146157	-0.0587291	0
-0.0752683	0.112429	0
-0.0791185	0.101467	0
0.163304	-0.0561653	0
0.169671	-0.0394261	0
0.156685	-0.0724021	0
0.105384	-0.223223	0
0.0922925	-0.194507	0
-0.0862041	0.11059	0
-0.0901156	0.10029	0
-0.0832313	0.0918486	0
-0.0940759	0.09018	0
-0.0877279	0.0818671	0
-0.0981033	0.0799885	0
-0.0910937	0.0713438	0
-0.102291	0.0695393	0
-0.0949045	0.06038	0
-0.106781	0.0586555	0
-0.0991007	0.0491323	0
-0.0260675	-0.144721	0
-0.111529	0.0473625	0
-0.103518	0.0372506	0
-0.116638	0.0355073	0
-0.108074	0.0248376	0
-0.121751	0.0232115	0
-0.113123	0.012106	0
-0.0557261	-0.157533	0
-0.213488	0.147957	0
-0.127351	0.0100865	0
-0.264854	0.143059	0
-0.136335	0.0215185	0
-0.142255	0.00771772	0
-0.151852	0.0200269	0
-0.118314	-0.00111213	0
-0.157778	0.00507152	0
-0.168039	0.0181678	0
-0.104247	0.00117868	0
-0.109112	-0.0119974	0
-0.0953969	-0.00964978	0
-0.0823383	0.121015	0
-0.11384	0.0677427	0
-0.100061	-0.0225632	0
-0.087042	-0.0205037	0
-0.17437	0.00152501	0
-0.185689	0.0166493	0
-0.0908709	-0.032464	0
-0.0785203	-0.0307811	0
-0.103462	-0.0345064	0
-0.192194	-0.00162453	0
-0.204302	0.0145842	0
0.0156343	0.260543	0
0.0113879	0.0376368	0
0.181248	-0.0537568	0
0.188602	-0.0357008	0
-0.0974587	0.109128	0
-0.0820675	-0.0424132	0
-0.0702369	-0.0407417	0
-0.21127	-0.00418323	0
-0.223435	0.011646	0
-0.198739	-0.0201555	0
-0.0741207	-0.0525111	0
-0.0620041	-0.0503506	0
0.131353	-0.0597938	0
0.200556	-0.051876	0
0.20832	-0.0322311	0
-0.0575458	-0.0386418	0
-0.0497531	-0.048133	0
-0.0382137	0.161834	0
-0.219082	-0.0228417	0
-0.205953	-0.0390856	0
-0.0909657	0.0392756	0
-0.178182	0.0320181	0
-0.0662513	-0.0620717	0
-0.0781955	-0.0643624	0
-0.0803694	-0.176813	0
-0.227369	-0.0422552	0
-0.104385	-0.226646	0
-0.213542	-0.0592346	0
-0.0451028	-0.0368436	0
-0.0376864	-0.0460136	0
0.220943	-0.0486977	0
0.228559	-0.0290032	0
0.215689	-0.0129753	0
0.235297	-0.00961531	0
0.213017	-0.068733	0
0.222527	0.00532442	0
0.241653	0.00908739	0
0.297677	0.150908	0
0.22935	0.0232427	0
0.24779	0.0268164	0
-0.033519	-0.0347615	0
-0.0259538	-0.0439663	0
-0.0299937	-0.0550506	0
-0.0184149	-0.053008	0
-0.0143249	-0.0419719	0
-0.00685024	-0.051052	0
-0.0311176	0.240906	0
0.2605	0.0126899	0
0.265975	0.0301366	0
0.0744637	0.0475959	0
0.0852268	0.0493363	0
0.0783315	0.0579107	0
0.0887237	0.0597953	0
0.0826162	0.0679709	0
0.0925864	0.0700763	0
0.0854974	0.0794459	0
0.0966532	0.080404	0
0.0902644	0.0892816	0
0.100712	0.0905969	0
0.0938061	0.0990294	0
0.107599	0.0819904	0
0.111584	0.0923118	0
0.118647	0.0836166	0
0.122731	0.0941284	0
0.129903	0.0852703	0
0.133943	0.0959907	0
0.126722	0.104653	0
0.141547	0.0874541	0
0.0835028	0.0976685	0
0.0869887	0.107575	0
-0.0407536	-0.0256225	0
0.0760634	0.105752	0
0.0799872	0.116088	0
0.0685401	0.114366	0
0.0725336	0.124775	0
0.0838841	0.126565	0
0.0765125	0.135212	0
0.0878069	0.136944	0
0.0807984	0.145499	0
0.0918478	0.14722	0
0.0848405	0.155835	0
-0.0224467	-0.0640137	0
-0.0703712	-0.0736596	0
-0.0824721	-0.075854	0
0.0607371	0.123381	0
-0.00276847	-0.0399658	0
0.00471422	-0.0491159	0
-0.234941	-0.0630242	0
-0.221006	-0.0802018	0
-0.249971	-0.0449842	0
0.234787	-0.0654444	0
0.226254	-0.087349	0
0.137818	0.106604	0
0.0958637	0.157575	0
0.0889075	0.166268	0
0.235572	0.0402983	0
0.00874086	-0.0380396	0
0.0162616	-0.0470533	0
0.0122435	-0.0582512	0
0.0239863	-0.0561535	0
0.0200032	-0.0674716	0
0.0317347	-0.0653399	0
-0.20019	-0.0769421	0
-0.207091	-0.097314	0
-0.228808	-0.101028	0
-0.214037	-0.117601	0
-0.193374	-0.113708	0
-0.199702	-0.13327	0
-0.180187	-0.129117	0
-0.185588	-0.147872	0
-0.108274	-0.254641	0
-0.205434	-0.152556	0
-0.191723	-0.167447	0
-0.0600366	0.3081	0
0.280576	0.016131	0
0.285155	0.0383211	0
-0.080171	0.0731378	0
0.0778894	0.164554	0
0.0817956	0.17497	0
-0.148494	0.213681	0
-0.0745304	-0.0852583	0
-0.086821	-0.0874027	0
-0.194209	0.157735	0
-0.235125	0.14242	0
0.212062	0.147789	0
0.080303	-0.177218	0
-0.0929592	-0.194282	0
0.250298	-0.0828566	0
0.240631	-0.106745	0
-0.14162	0.264949	0
0.0277509	-0.0766841	0
0.0394782	-0.0745411	0
0.16295	0.314561	0
-0.212094	-0.172306	0
-0.197613	-0.188212	0
-0.286747	0.147532	0
-0.00886275	0.144215	0
0.108397	-0.244367	0
0.314561	0.16295	0
0.108322	-0.265581	0
0.00133721	-0.0291044	0
0.0929733	0.176651	0
0.0859039	0.185459	0
0.0746083	0.183756	0
0.0787814	0.194442	0
0.0673056	0.192746	0
0.0715507	0.203686	0
-0.305618	0.156882	0
0.218308	0.0371696	0
0.224492	0.0533123	0
0.0831502	0.205424	0
0.0762792	0.214513	0
-0.166504	-0.142485	0
-0.21906	-0.193036	0
-0.203707	-0.209686	0
-0.237782	-0.171207	0
0.0127048	-0.0271305	0
-0.0786603	-0.0968277	0
-0.0668064	-0.0945912	0
-0.0909922	-0.0993232	0
-0.0995313	-0.0893756	0
0.0352824	-0.0857414	0
0.0471437	-0.0837602	0
0.0514242	-0.0723442	0
0.0592664	-0.0817717	0
0.0238249	-0.0878148	0
0.137086	0.0759231	0
0.149419	0.0781971	0
0.0639692	0.104076	0
0.130654	0.115064	0
0.141561	0.117011	0
0.134571	0.125379	0
0.145294	0.127295	0
0.151673	0.119521	0
0.138364	0.135571	0
0.0550141	-0.0932901	0
0.0671676	-0.0912736	0
0.0636036	-0.0701442	0
0.087599	0.216415	0
0.0809932	0.225627	0
0.0653518	0.212446	0
0.302582	0.0196934	0
0.266089	-0.102642	0
0.256013	-0.126588	0
0.230643	-0.130381	0
0.245973	-0.15052	0
0.220935	-0.153347	0
0.23593	-0.173833	0
0.21121	-0.176606	0
0.225662	-0.196886	0
0.197739	-0.199808	0
0.187044	-0.180568	0
-0.0818834	-0.00757459	0
0.0629925	-0.102898	0
0.0751468	-0.100776	0
0.309751	0.0417619	0
-0.226425	-0.214849	0
-0.210443	-0.231857	0
0.00538946	-0.0183119	0
0.215487	-0.219768	0
-0.103914	-0.101859	0
-0.0954267	-0.111714	0
-0.112854	-0.0915581	0
0.0921589	0.226827	0
0.0850049	0.236666	0
-0.177429	-0.18256	0
0.0957756	0.0532418	0
0.0993345	0.217221	0
0.144562	0.0659891	0
0.0963498	0.23687	0
0.0889557	0.247471	0
0.077132	0.245806	0
0.0815636	0.257066	0
0.295007	0.0591942	0
0.316786	0.0635943	0
-0.0706325	-0.105806	0
-0.05927	-0.103691	0
0.157342	0.0679917	0
0.162037	0.0804235	0
0.0957213	0.258752	0
0.0865309	0.26849	0
0.0737602	0.266789	0
0.0786144	0.278504	0
0.0915044	0.280385	0
0.0833896	0.290846	0
0.0975625	0.293159	0
0.0872674	0.305163	0
-0.185004	-0.0350605	0
0.0311246	-0.0966469	0
-0.234188	-0.237882	0
0.0199441	-0.0985741	0
0.191159	-0.223706	0
0.206154	-0.242453	0
-0.216982	-0.256338	0
0.152656	0.0557259	0
-0.185359	-0.227938	0
0.0170364	-0.0164212	0
-0.123204	-0.0144308	0
-0.2164	0.0304102	0
-0.235144	0.0275422	0
-0.227972	0.0453416	0
-0.246417	0.0429832	0
-0.238502	0.0597364	0
-0.25708	0.0580942	0
-0.265471	0.0407987	0
-0.276926	0.0567144	0
-0.28601	0.0377461	0
-0.299211	0.0565775	0
-0.308488	0.0349028	0
-0.221069	0.062047	0
-0.231042	0.075363	0
-0.215176	0.0772372	0
0.103458	0.307097	0
0.0930373	0.320699	0
0.0755581	0.318025	0
-0.0231058	0.346787	0
0.0655959	0.27686	0
0.203842	0.00113049	0
0.0710887	-0.112031	0
0.0831362	-0.110282	0
0.148903	0.137445	0
0.142017	0.145891	0
0.261285	-0.172305	0
-0.0318731	0.205889	0
-0.108347	-0.114503	0
-0.0997694	-0.124533	0
-0.0492112	0.0955303	0
0.00897804	0.189591	0
0.016511	0.179861	0
-0.0602428	0.124769	0
-0.322448	0.0542306	0
0.0229167	0.0681652	0
-0.00374042	0.103819	0
-0.0236338	0.0801892	0
0.275729	-0.0777523	0
0.292951	-0.0990079	0
0.0240568	-0.0251244	0
0.0824588	0.335566	0
0.104829	0.335503	0
0.0619041	0.332964	0
0.30292	-0.0727031	0
0.0630921	0.1819	0
0.0555852	-0.0606117	0
0.068993	0.14444	0
-0.334525	0.0310032	0
-0.265551	0.0738122	0
0.0679622	-0.0583588	0
0.0350975	0.0228106	0
0.041767	0.014487	0
0.0760979	-0.0679765	0
0.326825	0.0233133	0
0.0712259	0.0666686	0
0.231718	-0.240012	0
0.182582	-0.245178	0
0.19685	-0.264536	0
-0.258974	-0.0667199	0
0.301172	0.0787436	0
0.321274	0.0873485	0
0.338873	0.0693809	0
-0.274926	-0.0476264	0
-0.284448	-0.0718399	0
-0.144781	0.0325851	0
0.0103037	-0.00800033	0
-0.0016986	-0.00959706	0
0.0781694	-0.123384	0
0.0912251	-0.120599	0
0.0959549	-0.107872	0
0.104557	-0.118207	0
0.0996473	-0.131104	0
0.113451	-0.128853	0
0.108294	-0.141922	0
0.122869	-0.140572	0
0.117287	-0.153901	0
-0.312553	0.0765359	0
0.0596275	-0.049065	0
-0.112711	-0.127255	0
-0.120881	-0.116418	0
0.0233995	0.191828	0
-0.224863	0.090233	0
-0.209879	0.0919795	0
-0.200337	0.0800364	0
-0.195158	0.0936148	0
-0.186358	0.0825091	0
-0.18145	0.095362	0
-0.17288	0.0846964	0
-0.168083	0.0972723	0
-0.176396	0.107024	0
-0.163495	0.109013	0
-0.155661	0.099366	0
-0.151238	0.110908	0
-0.158796	0.120286	0
-0.147024	0.122011	0
-0.154215	0.131167	0
-0.142969	0.132815	0
-0.149847	0.141531	0
-0.139039	0.143046	0
-0.145826	0.151581	0
-0.135197	0.153157	0
-0.127997	0.144493	0
-0.12441	0.154723	0
-0.131442	0.163617	0
-0.120745	0.165474	0
-0.113724	0.156414	0
-0.109859	0.1666	0
-0.116985	0.175901	0
-0.105992	0.177083	0
-0.0988776	0.168248	0
-0.0949076	0.178703	0
-0.102026	0.187436	0
-0.090873	0.189171	0
-0.098048	0.197984	0
-0.0871292	0.199866	0
-0.0941209	0.208682	0
-0.0826788	0.210387	0
-0.0899739	0.219399	0
-0.0804685	0.190786	0
-0.101376	0.217567	0
-0.0973574	0.228265	0
-0.0857815	0.230332	0
-0.0936543	0.239425	0
-0.081207	0.241498	0
-0.0897478	0.251109	0
-0.0878332	0.169965	0
-0.0765625	0.253262	0
-0.0853053	0.263318	0
-0.109379	0.196387	0
0.170233	0.0700321	0
0.17481	0.082389	0
-0.0905124	0.33909	0
-0.0628915	-0.11446	0
-0.0518726	-0.11232	0
-0.0481216	-0.101732	0
-0.0408018	-0.110296	0
-0.30179	-0.0507463	0
-0.311903	-0.0773895	0
-0.330401	-0.0546297	0
-0.143488	0.101604	0
-0.147682	0.0900353	0
0.170339	-0.265685	0
0.186997	-0.286237	0
-0.103682	-0.137471	0
0.0126161	-0.0899404	0
0.00973279	-0.100967	0
0.0703946	0.35366	0
0.0271621	-0.107245	0
0.20717	-0.135017	0
0.128013	-0.12612	0
0.139557	0.0539179	0
-0.16482	0.129927	0
-0.116997	-0.14003	0
0.344536	0.0918092	0
0.138257	-0.138797	0
-0.0737423	0.232362	0
-0.336117	0.0747528	0
0.169136	-0.227524	0
-0.135346	0.123582	0
0.164741	-0.289424	0
0.0900518	-0.0218086	0
0.281181	0.0748292	0
-0.250979	-0.220045	0
-0.0984159	0.260764	0
-0.0941235	0.273342	0
-0.291857	-0.101491	0
0.0607538	0.264821	0
-0.0371187	-0.099822	0
-0.0298863	-0.108263	0
0.212225	-0.284264	0
-0.243166	-0.263058	0
-0.203617	0.104027	0
-0.0908334	-0.134739	0
-0.173898	-0.110599	0
-0.0262364	-0.0978683	0
0.148281	-0.0153009	0
-0.0918367	0.159474	0
-0.0807378	0.161211	0
-0.322509	-0.105617	0
0.131564	0.143831	0
0.135259	0.153973	0
-0.108234	-0.150283	0
-0.121338	-0.152798	0
-0.105041	0.0884524	0
0.321834	-0.0952375	0
0.327759	-0.0702361	0
0.00278827	0.000735079	0
-0.00892987	-0.000821261	0
0.28694	0.092353	0
0.269595	0.0889378	0
0.0583627	-0.115191	0
0.109428	-0.105137	0
0.123756	0.123551	0
0.152453	0.147723	0
0.15928	0.139417	0
-0.108645	0.226249	0
0.147649	0.0430245	0
0.161833	0.0447057	0
0.144122	-0.123322	0
-0.303915	-0.130596	0
-0.224149	-0.283281	0
-0.199488	-0.275146	0
0.021365	0.273713	0
0.177957	-0.308542	0
0.152653	-0.310139	0
-0.325599	0.0959297	0
-0.204709	-0.302543	0
-0.178453	-0.292974	0
0.363254	0.0767346	0
-0.0339068	-0.0660601	0
-0.0363022	0.194097	0
0.0970607	0.187106	0
0.104008	0.178457	0
0.108035	0.188698	0
0.114868	0.179962	0
0.118831	0.190189	0
0.125567	0.181819	0
0.105296	0.281685	0
0.012036	0.168515	0
0.0236058	0.169987	0
0.0195003	0.159003	0
0.0308998	0.160408	0
0.0268373	0.149666	0
-0.0360488	0.280227	0
-0.00510358	0.00989201	0
-0.0163144	0.00801311	0
-0.0124105	0.0186907	0
-0.0236801	0.0168178	0
-0.0196416	0.0275655	0
-0.0310387	0.025703	0
-0.0351386	0.0147954	0
-0.0425974	0.0238183	0
-0.0384589	0.0347701	0
-0.0500694	0.0329129	0
-0.0459263	0.0439514	0
-0.0467731	0.0127679	0
0.156136	0.0318167	0
-0.0554836	-0.122937	0
0.117809	0.0185585	0
0.0469874	0.349857	0
-0.0442196	0.203778	0
-0.34909	0.0951308	0
-0.363089	0.0720627	0
0.162803	0.149569	0
0.169542	0.141309	0
-0.108106	-0.0785709	0
-0.122017	-0.0807873	0
0.330549	0.107504	0
0.35022	0.113705	0
0.183328	0.0720993	0
0.187758	0.0846108	0
0.179482	0.0945158	0
0.191981	0.0968153	0
0.184803	0.106193	0
0.196634	0.10843	0
0.204338	0.0991047	0
0.208575	0.110898	0
0.216515	0.101563	0
-0.112613	-0.163098	0
-0.125811	-0.165589	0
-0.336311	0.117515	0
0.200893	0.11961	0
-0.10751	0.271007	0
-0.102993	0.283907	0
0.275694	-0.00570035	0
0.0287107	-0.0145725	0
0.0354294	-0.0232017	0
-0.134249	0.37821	0
0.114546	0.0730009	0
0.0684455	0.00812615	0
0.0556901	0.190979	0
-0.243871	0.0106523	0
0.171298	0.0334557	0
0.0948882	-0.143674	0
0.22086	0.113367	0
0.229019	0.103764	0
-0.0573566	0.0419464	0
-0.0533068	0.0530325	0
-0.0612624	0.0311221	0
-0.185259	-0.321033	0
-0.160521	-0.314141	0
-0.153519	-0.291304	0
0.0806125	-0.0559393	0
0.0890817	-0.0659508	0
0.0556733	0.372746	0
-0.0468565	0.389971	0
-0.0720009	0.265769	0
-0.11133	0.258142	0
-0.116749	0.281478	0
-0.112078	0.294675	0
-0.361939	0.1153	0
-0.048525	0.19283	0
-0.156396	0.15015	0
-0.152422	0.159944	0
0.0562529	0.315713	0
0.0397907	-0.012874	0
0.0468101	-0.0213392	0
0.0384539	0.151318	0
0.0341295	0.140484	0
0.0225777	0.138806	0
0.0297863	0.129686	0
0.0182979	0.127985	0
0.0255184	0.118943	0
0.154416	-0.136089	0
0.160723	-0.119758	0
0.148335	-0.152467	0
-0.0418301	0.0548884	0
-0.0491329	0.0639171	0
-0.0191719	-0.106297	0
-0.0227454	-0.116541	0
-0.0122078	-0.11462	0
-0.236277	-0.122553	0
0.275908	0.104622	0
0.164995	0.0202488	0
0.310635	-0.123381	0
0.342279	-0.119356	0
0.329738	-0.150279	0
-0.117014	-0.175969	0
-0.130306	-0.178462	0
-0.12129	-0.188803	0
-0.1347	-0.191448	0
0.124775	0.152047	0
0.000871593	-0.091182	0
0.155877	0.158624	0
0.097679	0.109264	0
-0.166433	-0.339299	0
-0.140673	-0.330875	0
-0.148258	-0.357491	0
-0.124344	-0.350955	0
0.0311408	0.0128464	0
0.168722	-0.331507	0
0.144238	-0.33347	0
-0.177682	0.0717446	0
0.0937408	-0.0534457	0
-0.0131899	-0.011347	0
-0.30466	0.0957325	0
0.23276	0.115345	0
0.0310822	0.368354	0
-0.352341	0.136377	0
-0.379246	0.134201	0
-0.0848115	0.150705	0
-0.0736548	0.152526	0
-0.0695163	0.16304	0
0.0989645	0.138728	0
-0.334077	-0.134976	0
-0.313424	-0.159948	0
-0.294748	0.0165632	0
-0.135727	0.0923275	0
-0.139796	0.0807871	0
0.212217	0.0893896	0
0.240899	0.0563211	0
0.0468299	0.0525265	0
0.148253	-0.274586	0
-0.1258	-0.202052	0
-0.139537	-0.204594	0
-0.130327	-0.215511	0
-0.144227	-0.218024	0
-0.13485	-0.229277	0
-0.149133	-0.23228	0
-0.1397	-0.243291	0
-0.0446304	-0.0912999	0
0.20423	-0.0892971	0
-0.0632396	0.255145	0
-0.0976995	0.297502	0
0.195605	-0.329079	0
-0.116926	-0.06722	0
-0.131707	-0.0692836	0
-0.137668	-0.0845287	0
-0.147049	-0.0717206	0
-0.141502	-0.0566878	0
-0.155401	-0.246808	0
-0.0643511	0.0514148	0
0.0813839	0.376516	0
0.129414	0.191758	0
0.135985	0.18348	0
0.122857	0.200097	0
-0.0623442	0.154237	0
-0.0391678	0.0037739	0
-0.0510092	0.00178071	0
0.00650718	0.0114177	0
-0.364605	0.154628	0
0.291018	0.108758	0
-0.252903	-0.291173	0
-0.27348	-0.267974	0
-0.129699	-0.142803	0
0.0769405	-0.0240094	0
-0.0158537	-0.12444	0
0.0241222	0.34508	0
0.042352	0.161404	0
-0.139812	-0.167244	0
-0.349595	-0.111912	0
0.0303681	0.26197	0
0.0243042	0.249364	0
0.0378944	0.250892	0
0.032528	0.238668	0
0.0449009	0.239677	0
0.0403149	0.228156	0
-0.285166	-0.30002	0
-0.00580691	-0.123442	0
0.0274635	0.226627	0
0.0341165	0.216422	0
-0.0663959	-0.125111	0
0.319274	-0.000277577	0
0.345334	0.00280889	0
0.0368844	0.12056	0
0.0326522	0.110022	0
0.0210853	0.108142	0
0.0281498	0.099271	0
0.0395554	0.101038	0
0.0353475	0.0906259	0
0.0466039	0.0922744	0
0.0422632	0.0811231	0
0.0532436	0.0835202	0
-0.0564216	0.201782	0
-0.0521042	0.213293	0
-0.239902	0.0883653	0
-0.233563	0.102344	0
-0.247971	0.100793	0
-0.242223	0.1135	0
-0.25576	0.112365	0
-0.229012	0.115454	0
0.0367815	0.27466	0
0.33355	0.129011	0
0.354939	0.136068	0
0.371482	0.11854	0
-0.100651	-0.159787	0
0.173223	0.15143	0
0.180035	0.143357	0
0.176287	0.13324	0
0.241636	0.106127	0
0.24603	0.118435	0
0.23736	0.0938557	0
-0.0588735	-0.133262	0
-0.048375	-0.131114	0
0.065779	0.398799	0
0.208992	0.0508383	0
-0.0582158	-0.071233	0
0.100543	-0.0927184	0
0.1148	-0.0914534	0
0.0501432	-0.0112177	0
-0.11249	0.2156	0
-0.119565	0.224066	0
-0.123327	0.213824	0
-0.131626	0.103563	0
0.129984	-0.316369	0
0.122826	-0.335225	0
0.134188	-0.354891	0
0.10731	-0.351929	0
0.00852717	-0.0696578	0
-0.249923	0.124206	0
0.111022	0.16941	0
0.0456486	0.142134	0
0.122924	-0.376894	0
0.0979742	-0.376663	0
-0.133681	-0.376883	0
-0.10745	-0.367431	0
0.134851	0.0417665	0
0.0218319	0.214596	0
0.202046	0.034334	0
-0.192473	-0.347894	0
-0.0581422	0.164881	0
-0.095699	0.149226	0
-0.12987	0.221375	0
0.0428437	-0.0319792	0
0.172241	0.104156	0
0.376432	0.143984	0
-0.116782	0.234731	0
0.177807	-0.0214258	0
0.164642	-0.15043	0
-0.0452958	0.137506	0
0.120988	0.142028	0
0.126508	0.0519185	0
-0.157728	-0.0590013	0
-0.151591	-0.0434534	0
0.0177347	0.0293061	0
-0.153387	-0.206255	0
-0.125829	0.29192	0
-0.121276	0.305527	0
-0.163733	-0.0748731	0
-0.0260559	-0.0738576	0
-0.014134	-0.0736495	0
0.279665	0.120114	0
0.294404	0.124029	0
-0.164374	0.07424	0
-0.168781	0.0610211	0
-0.155275	0.0634447	0
-0.182201	0.0574994	0
-0.0586598	0.0108768	0
0.0962106	0.0225266	0
-0.0262387	-0.126648	0
-0.0697926	-0.135694	0
-0.118731	-0.330471	0
-0.0653221	0.173148	0
0.195867	0.0746534	0
0.0359004	-0.0539309	0
0.0275145	0.286911	0
0.038504	-0.105701	0
0.0341604	-0.115881	0
0.023418	-0.117544	0
0.0301696	-0.125885	0
0.0401596	-0.124099	0
0.0196257	-0.127053	0
-0.124573	0.0456404	0
0.149489	-0.106223	0
0.166043	-0.102208	0
0.0402325	0.0609705	0
0.0515481	0.0646539	0
-0.0766801	0.142066	0
-0.163211	-0.0113882	0
0.186668	0.135258	0
0.102272	-0.0633126	0
0.133124	0.201675	0
0.126839	0.20989	0
0.137024	0.211383	0
0.130769	0.219555	0
0.120525	0.218283	0
0.124279	0.227937	0
0.158542	-0.166528	0
0.141401	-0.168654	0
0.151328	-0.182393	0
0.134525	-0.184401	0
0.144794	-0.198039	0
0.128498	-0.199302	0
0.13756	-0.212012	0
0.119694	-0.187013	0
0.11371	-0.200781	0
-0.263366	0.123266	0
-0.269276	0.111035	0
-0.277416	0.122897	0
-0.135116	-0.0415597	0
-0.331236	0.138338	0
-0.00624868	0.0296847	0
-0.0152245	0.0382714	0
0.224444	0.12353	0
0.132216	0.173653	0
0.142536	0.1753	0
0.146284	0.184934	0
0.179063	0.0593462	0
-0.103148	-0.0659522	0
-0.34647	-0.166077	0
-0.324233	-0.191046	0
-0.319157	-0.0283467	0
-0.348864	-0.0305807	0
0.12156	0.03967	0
0.161277	-0.196374	0
0.285618	-0.0520135	0
0.101204	0.197429	0
0.0133477	-0.119455	0
-0.0587997	0.268379	0
0.180144	0.022269	0
-0.1442	-0.258705	0
-0.160462	-0.262517	0
0.0794785	-0.0890782	0
-0.282164	-0.151717	0
0.0110595	0.137097	0
0.00679473	0.126273	0
-0.0421128	0.182543	0
-0.068107	0.278885	0
0.364151	-0.145508	0
0.350724	-0.178616	0
0.0542971	-0.0296091	0
0.00775146	0.157299	0
0.356014	0.160425	0
0.114039	0.150427	0
0.31106	-0.182829	0
-0.265848	-0.025294	0
-0.162665	0.15849	0
-0.158641	0.168117	0
-0.166686	0.148961	0
-0.148484	0.169612	0
0.373995	-0.113918	0
0.109994	-0.0346433	0
-0.0378315	0.0656809	0
-0.0304541	0.0567324	0
-0.0451077	0.0745938	0
-0.0563336	0.0728832	0
-0.0105601	-0.133309	0
-0.11138	-0.198435	0
-0.0504241	0.259268	0
-0.0542322	0.244472	0
-0.125352	-0.239345	0
0.0425263	0.287835	0
0.0348073	0.299991	0
0.0886484	-0.360347	0
0.076047	-0.373695	0
0.0857019	-0.397628	0
0.0589603	-0.392909	0
-0.387697	0.110822	0
-0.0292722	-0.0237179	0
0.282342	0.134471	0
0.175172	0.00865531	0
-0.342922	0.153642	0
-0.0355124	0.228171	0
0.149778	0.0185604	0
0.149142	-0.377358	0
-0.123945	0.094549	0
-0.120162	0.105626	0
0.335572	-0.211832	0
0.300168	-0.217536	0
0.229495	0.0678708	0
0.244438	0.0709225	0
0.256937	0.0579971	0
0.152463	0.177039	0
-0.363684	-0.0605316	0
-0.381521	-0.0341076	0
0.113782	0.226511	0
0.117809	0.236484	0
0.0515343	0.180291	0
0.0588758	0.17199	0
0.0443409	0.189513	0
0.0483356	0.199945	0
0.38007	0.167638	0
0.400057	0.153807	0
0.0689971	-0.421698	0
0.0432472	-0.417828	0
0.0318721	-0.39424	0
0.0172763	-0.415112	0
0.00770585	-0.389745	0
-0.00756838	-0.41082	0
-0.0174714	-0.384849	0
-0.031428	-0.406972	0
-0.0415996	-0.387075	0
-0.0549149	-0.404373	0
-0.0631293	-0.384394	0
-0.0809437	-0.401529	0
-0.368071	-0.00522746	0
0.0529179	0.230093	0
-0.393247	-0.0635967	0
-0.417759	-0.036708	0
0.246203	-0.0243972	0
0.0574197	0.0545787	0
0.353052	0.0284154	0
0.373565	0.00762667	0
0.36447	-0.0209229	0
0.393918	-0.0134187	0
0.384803	0.0370378	0
0.386024	-0.0468145	0
0.421216	-0.0371671	0
-0.154803	0.177787	0
-0.144724	0.179209	0
-0.390656	0.154789	0
0.0251596	-0.135703	0
-0.172642	-0.0621543	0
0.183044	0.125251	0
0.171875	0.123687	0
-0.0516711	-0.141388	0
-0.062704	-0.000326228	0
-0.0697538	0.00933858	0
-0.0551153	-0.0092445	0
-0.0157535	-0.0962314	0
0.0843604	-0.0441228	0
0.0682046	-0.0140404	0
0.123764	-0.102433	0
0.130501	-0.0865863	0
-0.0707514	-0.42715	0
-0.0417179	-0.139352	0
0.0556261	0.241535	0
0.185739	-0.354119	0
0.215671	-0.355038	0
-0.0632778	0.212435	0
0.0270928	-0.441756	0
0.127894	0.23774	0
0.121827	0.246413	0
0.132801	0.248438	0
0.12526	0.25728	0
0.115253	0.255033	0
0.118297	0.263802	0
-0.0362037	-0.0148246	0
-0.251517	-0.105512	0
-0.130219	0.27872	0
-0.159862	0.0499745	0
-0.351701	0.172449	0
-0.371501	0.17397	0
-0.144511	-0.0297511	0
-0.303571	-0.274234	0
-0.294874	-0.239767	0
0.037667	0.00471888	0
0.0270997	0.00289603	0
0.0475961	0.00639999	0
0.00786886	0.364113	0
0.0146907	0.388907	0
0.179193	-0.117063	0
-0.139688	-0.307175	0
-0.133572	-0.288737	0
-0.120576	-0.300764	0
0.224511	-0.325193	0
-0.0598617	0.191427	0
-0.00459071	0.0411685	0
-0.00191689	-0.113001	0
0.0400442	0.180266	0
0.00695709	0.0276405	0
0.1105	-0.318848	0
0.11843	-0.303284	0
0.139872	-0.402655	0
0.0363578	0.198443	0
-0.314647	0.112626	0
0.114334	0.0498052	0
0.10988	0.0380839	0
-0.0573311	0.223652	0
0.266379	0.115267	0
0.134459	-0.298062	0
0.122695	-0.286955	0
-0.133907	0.210832	0
-0.127234	0.20361	0
-0.137864	0.200643	0
-0.131097	0.194246	0
-0.111388	-0.0538264	0
0.0660298	-0.360381	0
0.320427	-0.244764	0
0.287145	-0.250175	0
0.30697	-0.278385	0
0.274349	-0.282398	0
0.293572	-0.31256	0
-0.134541	0.303269	0
-0.131039	0.317014	0
-0.1154	0.319655	0
-0.126277	0.332397	0
-0.142368	0.328642	0
-0.13787	0.344759	0
-0.120467	0.34928	0
-0.155566	0.340538	0
-0.078831	0.444668	0
-0.360179	-0.197685	0
-0.146353	0.0535042	0
0.0236403	0.0888077	0
-0.0377463	-0.0770179	0
0.160685	-0.245503	0
-0.141307	0.191528	0
-0.17313	-0.248752	0
0.400585	-0.140331	0
0.108089	0.264131	0
-0.0776505	-0.127853	0
0.140153	0.22157	0
0.0136942	0.200942	0
-0.173096	0.156264	0
-0.176872	0.146572	0
-0.103838	-0.344708	0
-0.0851413	-0.354998	0
-0.0987419	-0.325581	0
-0.429488	0.158296	0
-0.112142	-0.395132	0
-0.139864	-0.403291	0
-0.153007	0.39879	0
-0.161781	0.371078	0
0.0942632	0.405538	0
0.110886	0.376327	0
0.125586	0.40884	0
0.140332	0.381866	0
0.156314	0.405741	0
0.168205	0.379043	0
0.156967	0.35968	0
0.178592	0.362166	0
0.132056	0.358591	0
0.146721	0.340115	0
0.0505949	0.102572	0
0.0976607	-0.338293	0
0.263849	-0.224267	0
-0.0502198	0.156973	0
-0.0311243	0.454383	0
0.00935082	-0.129343	0
0.155527	0.186163	0
-0.011854	0.0493582	0
0.362564	0.182328	0
-0.164845	0.176745	0
0.118713	-0.0772051	0
0.0198848	0.0115094	0
0.196499	-0.155541	0
0.149155	-0.230944	0
0.142083	-0.245981	0
0.133182	-0.234899	0
0.127582	-0.248247	0
-0.0978818	-0.0541189	0
-0.31959	-0.306998	0
-0.283272	0.110079	0
-0.290523	0.124794	0
-0.275772	0.0975	0
-0.324802	0.154514	0
-0.316632	0.141287	0
0.133294	0.0195812	0
-0.0772614	0.321622	0
0.0635959	0.233122	0
-0.13921	0.289163	0
0.014101	0.224838	0
-0.0679709	-0.00999165	0
-0.0606033	-0.0189326	0
0.0777286	0.43216	0
0.162028	0.345162	0
-0.0527434	0.281621	0
0.305463	0.113638	0
0.308012	0.12807	0
0.190204	0.145215	0
0.197019	0.137412	0
0.122322	-0.213015	0
0.250126	0.0964967	0
0.0979381	-0.0770612	0
0.200828	0.146651	0
-0.0789425	0.301801	0
0.414872	-0.0758574	0
-0.330351	-0.221334	0
0.10624	-0.187751	0
0.110607	-0.177051	0
0.0980052	-0.179443	0
0.102376	-0.16777	0
0.296699	0.138098	0
0.310288	0.143214	0
-0.0525076	0.175279	0
-0.0132835	0.383228	0
-0.00408193	0.409848	0
0.149062	0.167095	0
0.158798	0.168643	0
0.165925	0.159712	0
0.175589	0.161307	0
-0.120278	0.268335	0
-0.124195	0.255954	0
0.0251384	-0.376051	0
0.0423705	-0.375472	0
-0.026977	0.0680407	0
-0.286321	0.0801758	0
0.0517225	0.275737	0
0.045787	-0.151888	0
0.0429728	-0.140972	0
0.0535406	-0.144847	0
0.0522001	-0.134302	0
0.0618251	-0.138079	0
0.0635167	-0.14872	0
0.0715609	-0.141941	0
0.0737687	-0.15126	0
0.0170947	-0.143001	0
-0.23769	0.125047	0
-0.224779	0.127522	0
-0.216717	0.118565	0
-0.211848	0.129392	0
-0.204913	0.121503	0
-0.200784	0.131767	0
-0.19314	0.123634	0
-0.189898	0.134034	0
-0.182085	0.125584	0
-0.197489	0.142558	0
-0.218103	0.105	0
-0.0151419	-0.142599	0
-0.244992	0.135364	0
-0.140786	0.0673814	0
-0.153077	0.204216	0
0.125575	0.339131	0
0.136281	0.324468	0
0.119975	0.322485	0
0.130364	0.31009	0
0.14309	0.312682	0
0.152342	0.323682	0
0.137613	0.300619	0
0.125634	0.297131	0
0.13445	0.287605	0
0.120896	0.285059	0
0.128749	0.277805	0
0.111616	0.2951	0
0.193043	0.0501982	0
-0.0527029	0.0841914	0
-0.0637802	0.0822799	0
-0.0416374	0.0860732	0
-0.145554	0.2243	0
-0.18603	0.16384	0
-0.0467572	-0.151015	0
-0.0643628	-0.162958	0
-0.0649814	-0.152748	0
-0.0737645	-0.158498	0
-0.0744256	-0.14674	0
-0.0818503	-0.154395	0
-0.0832711	-0.16543	0
-0.223614	0.144985	0
-0.143055	0.234623	0
-0.133786	0.238617	0
-0.180729	-0.203908	0
0.244682	0.141752	0
0.238863	0.133814	0
0.249675	0.131788	0
0.224116	0.144379	0
0.215546	0.137658	0
0.0731873	-0.170143	0
0.0833763	-0.165464	0
0.196377	-0.0177168	0
-0.115889	-0.284653	0
-0.126442	-0.273894	0
-0.114853	-0.272232	0
-0.119124	-0.261166	0
-0.161596	-0.124785	0
-0.155696	-0.108217	0
-0.144644	-0.121103	0
-0.138849	-0.104751	0
-0.15096	-0.13692	0
-0.152375	-0.154191	0
-0.169161	-0.162677	0
-0.159106	-0.180059	0
-0.210486	0.0477243	0
-0.196447	0.033363	0
0.136721	-0.259889	0
0.145075	0.275219	0
0.146514	0.285574	0
0.142117	0.254984	0
-0.0380374	-0.129227	0
-0.261262	-0.131604	0
-0.241079	-0.146212	0
0.107201	-0.0506068	0
-0.0676401	0.0719084	0
-0.122182	-0.225804	0
-0.112975	-0.234753	0
-0.118003	-0.212031	0
-0.105102	-0.209073	0
-0.141752	0.255318	0
0.128484	0.162345	0
-0.048796	-0.369475	0
0.157638	0.305151	0
0.212912	0.121143	0
-0.046078	-0.0686726	0
-0.0876591	-0.336914	0
0.0879354	-0.184716	0
0.0971312	-0.203536	0
-0.108752	-0.185131	0
-0.102853	-0.172597	0
0.0598429	-0.127515	0
-0.187015	-0.0950202	0
-0.0224874	-0.0877577	0
-0.0115232	-0.0857135	0
-0.258422	0.133847	0
-0.0969441	-0.147425	0
-0.143175	0.277188	0
0.270111	0.127955	0
0.101565	-0.21337	0
0.276334	0.14487	0
-0.0871026	-0.185048	0
-0.0907169	-0.175333	0
-0.276158	0.144572	0
-0.189856	0.105265	0
-0.261653	-0.327337	0
-0.134773	0.184223	0
-0.124341	0.185782	0
-0.127654	0.114494	0
-0.116264	0.116362	0
-0.123901	0.125181	0
-0.112554	0.126871	0
-0.120039	0.135572	0
-0.109342	0.137385	0
-0.101451	0.128414	0
0.10779	-0.23347	0
0.115623	-0.226082	0
0.214068	-0.111062	0
0.0209006	0.418122	0
-0.12797	0.175327	0
0.21556	0.0654944	0
0.306415	0.1566	0
0.287082	0.147264	0
0.456425	0.0679423	0
0.417394	0.0801426	0
0.412351	0.109403	0
-0.454799	0.0676118	0
-0.422236	0.0431974	0
0.0457918	0.261544	0
-0.163708	-0.0288727	0
0.125156	-0.171362	0
0.336389	-0.308213	0
-0.0230076	0.04737	0
-0.254705	0.0875612	0
-0.283918	0.136155	0
-0.294584	0.139331	0
-0.424359	0.00408896	0
-0.458261	-0.02028	0
-0.45455	-0.0677201	0
-0.10238	0.248884	0
0.0567682	-0.156204	0
0.167025	0.0926362	0
0.159117	0.102747	0
0.154043	0.0899369	0
0.165537	0.113594	0
0.00519943	-0.0806176	0
-0.0982651	-0.296445	0
-0.104963	-0.30511	0
-0.108802	0.107529	0
-0.114072	0.246226	0
0.087365	-0.133278	0
0.0582931	0.288488	0
-0.16627	-0.0917018	0
0.255217	0.142035	0
-0.20291	0.150972	0
0.236387	-0.390292	0
-0.237708	-0.395794	0
-0.230374	-0.351122	0
-0.0626832	-0.0830456	0
-0.0507159	-0.0805744	0
-0.0870503	-0.314561	0
0.0873813	-0.314721	0
0.0980283	-0.29636	0
-0.072653	-0.169281	0
-0.139396	0.112693	0
-0.155584	0.304917	0
-0.145505	0.313653	0
0.0511203	-0.105177	0
-0.0238188	0.268102	0
-0.16978	-0.219259	0
-0.205578	0.0643847	0
0.039575	0.327542	0
0.0175998	0.325448	0
-0.000246557	0.34202	0
-0.00162689	0.317287	0
0.145543	0.156678	0
0.0101797	0.247583	0
0.110033	0.140433	0
0.211767	0.0194597	0
0.105548	-0.276277	0
0.116617	-0.274486	0
0.108248	-0.255318	0
0.168888	0.323243	0
0.115581	0.10278	0
-0.0380028	0.0977498	0
0.0947329	0.207187	0
0.105809	0.207736	0
0.183256	0.153466	0
-0.0535754	0.146141	0
-0.11331	0.186381	0
-0.16114	0.0348116	0
0.147449	0.213863	0
-0.292459	-0.181852	0
-0.0912482	0.00358151	0
-0.0994509	0.0140526	0
-0.0861918	0.0162729	0
-0.0947169	0.0266098	0
-0.0825637	0.0287721	0
-0.0791034	0.040038	0
-0.0871875	0.0503554	0
0.0648215	-0.337227	0
0.0747417	-0.34089	0
0.0805538	-0.323088	0
-0.0825922	-0.323734	0
-0.0652439	-0.337484	0
0.140184	-0.0738828	0
-0.0286394	0.184327	0
0.102768	-0.156283	0
0.0897183	-0.155514	0
-0.105504	0.207011	0
0.131968	0.0640148	0
-0.0337533	-0.118617	0
0.0556718	-0.34306	0
-0.0365116	-0.352043	0
-0.0349728	-0.363239	0
-0.0229203	-0.367308	0
-0.0561137	-0.343851	0
-0.0675999	-0.349882	0
-0.0246726	-0.0130897	0
-0.000486751	0.135401	0
-0.00491183	0.124087	0
0.00232709	0.115247	0
-0.00294612	-0.374112	0
-0.171964	0.119414	0
-0.0829015	-0.108639	0
0.00488892	0.234962	0
0.00810481	0.212794	0
0.338918	0.149586	0
-0.0275289	0.218293	0
-0.179664	0.136529	0
0.119668	0.113302	0
0.112877	0.121939	0
0.046946	0.219006	0
-0.0326941	0.173342	0
0.0158479	-0.357956	0
0.0366819	-0.352462	0
-0.0158893	-0.3574	0
0.139733	0.193312	0
0.298116	-0.149948	0
-0.0539855	-0.0595902	0
0.000686729	-0.0603243	0
-0.0024249	-0.0711176	0
-0.0411915	0.149148	0
-0.116512	0.205355	0
-0.0984013	0.322058	0
0.102943	0.148932	0
0.107182	0.15908	0
-0.323103	0.168609	0
-0.169275	0.323163	0
0.323495	0.168936	0
0.336179	0.164974	0
0.345687	0.179811	0
-0.127832	0.0833465	0
-0.00561984	-0.358952	0
-0.112582	0.0968483	0
0.0412741	0.131374	0
0.0527488	0.133001	0
0.0571939	0.143465	0
0.0485594	0.122223	0
0.0561079	0.113087	0
0.0585869	0.0939729	0
0.0649706	0.0846624	0
0.060262	0.0738618	0
-0.01016	-0.0310447	0
0.138841	0.165097	0
0.121718	0.171054	0
0.108605	0.111609	0
0.101877	0.120357	0
-0.0668637	0.201986	0
-0.0877663	0.14029	0
0.192836	-0.0707092	0
0.183157	-0.0912379	0
0.0359297	-0.133228	0
-0.0936899	0.11946	0
-0.0218103	-0.0329243	0
-0.0344112	0.0456922	0
0.148693	0.108704	0
-0.388727	0.0217151	0
0.155612	0.129671	0
0.0306387	0.0800141	0
-0.0105973	-0.0621942	0
-0.105482	0.237297	0
0.0745213	-0.00240176	0
0.0635103	-0.00205209	0
-0.264376	-0.176623	0
0.016851	-0.109299	0
-0.0128622	0.132957	0
-0.0172584	0.122046	0
-0.0606183	0.093925	0
-0.0725686	0.0911073	0
0.0141494	0.117195	0
0.00904415	0.106233	0
0.00397607	0.0954469	0
0.016109	0.097398	0
0.0184498	0.0785922	0
0.0497212	0.152537	0
0.061712	0.153373	0
-0.0604252	0.0623021	0
-0.0718959	0.0616245	0
-0.0713499	0.12288	0
-0.0682548	0.133282	0
0.112167	0.19877	0
-0.04481	-0.120728	0
0.0440527	0.0707469	0
0.0533802	0.0442194	0
0.14954	-0.0896135	0
0.100025	0.16798	0
0.455961	-0.0681128	0
-0.0266986	0.253754	0
-0.141914	0.161507	0
-6.83657e-05	0.166747	0
-0.00431388	0.155441	0
0.0441976	0.111819	0
-0.0489479	0.126722	0
0.0430315	-0.0950528	0
-0.105037	0.117961	0
-0.160328	0.14029	0
-0.116371	0.0859872	0
-0.131549	0.134115	0
-0.117435	0.146136	0
0.0647865	0.134046	0
-0.102829	0.157965	0
0.275497	0.0566483	0
0.0201677	-0.0359996	0
-0.0175954	-0.0220765	0
-0.314421	0.161835	0
0.104661	0.100932	0
0.0721798	0.0942754	0
0.0755726	0.0832436	0
0.0901388	0.196175	0
0.0691649	0.301444	0
0.0908783	0.118084	0
0.314562	-0.0450918	0
0.293181	-0.0251935	0
0.0519878	0.016243	0
0.0284585	0.0310985	0
-0.00898754	-0.104876	0
-0.0357024	-0.147362	0
0.0296163	0.0594639	0
0.0153303	0.147959	0
0.0149104	0.0020907	0
-0.02679	0.0364409	0
-0.160999	0.186307	0
-0.0419006	-0.0572534	0
0.0278524	-0.0449622	0
0.459651	-0.020107	0
-0.400922	-0.243127	0
0.10099	0.246439	0
0.395253	-0.239685	0
0.0189109	0.237007	0
0.119473	0.0620609	0
0.106721	0.0600507	0
0.11787	0.160727	0
-0.101346	0.0987381	0
0.0923504	0.0419722	0
-0.429333	-0.158001	0
-0.402927	-0.126896	0
-0.33723	0.185281	0
0.185053	0.337249	0
-0.349406	0.203199	0
-0.356836	0.189106	0
0.203275	0.349121	0
0.204689	0.362746	0
0.221037	0.366059	0
-0.184753	0.338237	0
-0.184122	0.350766	0
-0.196097	0.356084	0
-0.186365	0.367772	0
-0.172273	0.343562	0
-0.178966	0.391136	0
0.348737	0.203433	0
0.364513	0.200942	0
0.366979	0.220453	0
-0.160097	0.0872066	0
0.187039	-0.13607	0
-0.125803	-0.0544976	0
0.259885	-0.0593212	0
0.00136793	0.199683	0
-0.00591898	-0.0202341	0
-0.113524	-0.0251575	0
-0.117591	-0.0404627	0
-0.138113	0.171134	0
-0.0835239	0.0615863	0
0.162913	-0.431911	0
0.016354	-0.0789002	0
-0.0399223	0.215422	0
-0.0786076	0.221368	0
0.107432	0.236223	0
-0.0276732	0.0061391	0
0.127776	0.133736	0
0.0639066	0.0459983	0
0.0720432	-0.0467209	0
0.0335921	0.0693882	0
0.0473187	-0.0517082	0
0.0706057	0.173374	0
-0.034326	-0.0885176	0
0.0737511	0.154274	0
-0.0553713	-0.0924889	0
-0.0766934	0.171647	0
0.00341298	0.146235	0
-0.0048585	-0.141849	0
-0.0542003	0.0218844	0
-0.0482108	0.166583	0
0.177202	-0.208492	0
-0.0838842	0.18043	0
-0.0195061	0.0582692	0
0.0824815	-0.145582	0
0.0286416	0.180199	0
-0.0899272	0.129664	0
0.0602076	0.201502	0
0.0435736	-0.0630793	0
-0.132507	0.2489	0
1.34459e-05	0.0197243	0
0.325644	0.15688	0
-0.194243	-0.249758	0
-0.390404	0.0571135	0
-0.418317	0.0780293	0
-0.29118	-0.0267264	0
0.0449075	-0.114353	0
0.165841	0.131701	0
0.0693723	0.255581	0
-0.189493	-0.0565447	0
0.0976933	-0.0408077	0
-0.0374008	0.263857	0
-0.278701	-0.00176277	0
0.02434	0.021188	0
-0.0465935	0.225437	0
0.057393	-0.0190824	0
0.0625759	-0.0380991	0
0.0733877	-0.456683	0
0.103016	-0.0211665	0
0.116934	0.132007	0
-0.0333618	0.365886	0
-0.335372	-0.000883014	0
0.0979146	0.269749	0
0.446272	0.151427	0
0.263818	0.38806	0
-0.387051	0.264857	0
0.387063	0.266589	0
-0.266287	0.387856	0
0.10461	-0.305681	0
-0.00241445	0.0543872	0
0.10262	0.0713068	0
-0.131151	0.266201	0
0.00504896	0.0454739	0
-0.164336	-0.193233	0
0.149498	0.194316	0
-0.0304333	-0.135737	0
-0.0859474	-0.378183	0
-0.363255	0.204476	0
-0.364508	0.219265	0
-0.10632	0.14776	0
0.105923	0.130353	0
-0.0342235	0.0769857	0
-0.0203925	-0.00252152	0
0.111653	0.246007	0
0.153811	-0.213825	0
0.159109	0.00670736	0
0.143166	0.00599272	0
0.141891	0.0296986	0
0.165303	-0.00809197	0
0.177038	-0.164257	0
0.071639	-0.0796186	0
-0.0163722	0.0711799	0
0.0948541	0.128653	0
-0.157136	0.325776	0
0.116515	0.208703	0
0.0624389	0.0175659	0
0.142532	0.244188	0
0.145109	0.0981636	0
0.0314988	-0.033964	0
0.206302	0.130371	0
-0.0793861	0.131533	0
-0.0743227	-0.116969	0
-0.354065	0.223373	0
-0.372954	0.233726	0
-0.245252	0.36016	0
-0.236583	0.368609	0
-0.222591	0.36864	0
0.359976	0.245393	0
0.372808	0.237059	0
-0.22341	0.356153	0
0.354239	0.223932	0
-0.241874	-0.0245832	0
0.132638	-0.155142	0
-0.220008	-0.138017	0
0.118722	-0.237214	0
-0.18717	0.144278	0
-0.142683	-0.274742	0
-0.0653269	0.0205566	0
-0.151298	0.187585	0
-0.382897	-0.170266	0
-0.0679896	0.243349	0
0.012871	0.285689	0
0.0677986	0.0563884	0
0.252301	0.0428565	0
0.166632	0.0571959	0
-0.305456	0.128924	0
0.133815	0.229718	0
-0.108538	-0.294744	0
-0.132775	-0.00344514	0
-0.364835	0.0419255	0
0.125271	0.0739811	0
0.227043	0.13386	0
0.0134243	0.0197065	0
-0.0628105	0.414583	0
-0.179718	-0.0165731	0
-0.0620206	-0.143183	0
0.069482	-0.131328	0
0.0262445	-0.145226	0
-0.301269	-0.340575	0
-0.151904	0.0776299	0
-0.126482	-0.0949334	0
-0.0729354	0.181394	0
0.261536	0.0751378	0
-0.247031	0.0738056	0
0.0269402	0.204128	0
-0.231802	-0.31133	0
0.0883321	0.030761	0
-0.0811436	0.275853	0
-0.128496	-0.0280174	0
-0.296265	0.151638	0
-0.080326	-0.138415	0
0.0875746	-0.0979488	0
-0.116714	-0.104306	0
0.177587	0.170721	0
-0.150443	-0.0942564	0
-0.162896	-0.434991	0
0.190792	0.0642165	0
-0.168394	-0.0457237	0
-0.0306648	0.0886555	0
0.200007	0.0871209	0
-0.172524	0.0462954	0
-0.271107	0.133979	0
0.304021	0.0968412	0
-0.191237	0.0681924	0
0.254506	0.108471	0
-0.095118	-0.0774949	0
0.121243	-0.0464689	0
-0.0877758	-0.121456	0
0.0392233	-0.0430337	0
-0.334855	0.166472	0
-0.207141	0.140106	0
-0.125307	-0.12915	0
0.160062	-0.0259332	0
0.104551	0.0140319	0
0.107266	0.0263132	0
0.168535	-0.180616	0
0.11882	-0.115624	0
-0.117141	-0.247736	0
-0.00964169	0.113186	0
-0.130196	0.0336973	0
0.335405	-0.023843	0
-0.11945	0.0568629	0
-0.126691	0.0663563	0
0.0576628	0.253096	0
-0.0433636	0.238109	0
-0.065106	0.143806	0
-0.0974356	-0.183583	0
0.195007	-0.106204	0
-0.254211	0.0259374	0
-0.169612	0.166791	0
0.255342	-0.312481	0
0.387117	0.0965079	0
0.177937	0.0458312	0
0.0614194	0.0637347	0
-0.120312	0.195293	0
0.18535	0.163512	0
0.136758	-0.28523	0
-0.13444	-0.155392	0
0.241668	-0.0456082	0
0.0842261	-0.0775794	0
-0.360016	0.243569	0
-0.374259	0.250962	0
0.244634	0.358957	0
0.235764	0.369451	0
0.0457068	-0.361167	0
-0.144004	-0.179676	0
0.279999	-0.194984	0
0.113319	0.353339	0
-0.243507	-0.0839696	0
0.174105	-0.0708037	0
-0.109103	0.0781254	0
0.194009	0.12752	0
-0.0299975	0.418478	0
0.220152	0.078835	0
-0.0901391	-0.0664184	0
-0.147864	-0.00670506	0
-0.10585	0.307943	0
-0.133172	0.0553832	0
0.332537	0.0469821	0
0.224543	0.0917379	0
-0.0590331	-0.461938	0
-0.126524	0.231466	0
-0.340277	-0.0821688	0
0.192823	0.356193	0
0.191973	0.37178	0
-0.0472229	0.295119	0
0.206439	0.139496	0
0.14259	0.203595	0
0.0659862	0.163368	0
0.192156	0.0165173	0
0.117108	-0.0629537	0
0.349774	-0.088135	0
0.134405	0.261257	0
0.166412	-0.0860378	0
0.282086	-0.12317	0
-0.0207159	-0.134576	0
-0.109574	0.335775	0
-0.0858623	-0.0537845	0
-0.184125	0.154347	0
-0.232975	-0.00573914	0
0.115705	0.274372	0
0.253204	-0.256761	0
0.241838	-0.282039	0
0.373176	-0.208061	0
0.185109	-0.00348858	0
0.147443	0.442101	0
-0.271963	-0.201529	0
-0.200785	-0.376304	0
-0.167328	-0.388231	0
0.049956	-0.124521	0
-0.195154	0.0522686	0
-0.101235	-0.199433	0
-0.0318328	-0.00432309	0
0.23744	-0.214964	0
0.250485	-0.193886	0
-0.149178	-0.192544	0
0.0952706	-0.324972	0
0.265218	-0.0311058	0
0.418178	0.0425889	0
0.425317	0.00202122	0
-0.411671	0.129485	0
-0.0897838	0.285957	0
-0.365646	-0.139972	0
0.116288	0.30864	0
-0.180728	-0.0776121	0
0.18977	0.117095	0
0.0742887	-0.0354824	0
0.25421	-0.00647859	0
0.050981	-0.0405824	0
0.186679	0.034083	0
-0.305802	-0.00586613	0
-0.298034	-0.210137	0
0.258335	0.124702	0
0.0932475	0.357141	0
-0.0569038	0.135371	0
-0.000269452	-0.131674	0
-0.0676565	-0.365428	0
0.0700875	0.0767693	0
0.112822	-0.400321	0
0.111639	-0.165273	0
-0.0986505	0.139106	0
-0.26181	0.0993984	0
-0.245098	-0.196215	0
-0.14916	0.285724	0
-0.273282	0.0230046	0
-0.390379	0.0864304	0
-0.0552473	-0.355909	0
0.43253	-0.161189	0
0.196425	-0.38264	0
0.0576634	0.00740918	0
0.223665	-0.261677	0
-0.0150331	0.330425	0
-0.207665	0.363687	0
0.38481	0.224615	0
0.0038305	-0.121652	0
-0.0405395	0.250061	0
-0.0434224	-0.00647422	0
-0.130016	-0.251773	0
0.297586	-0.00288727	0
0.307363	-0.348086	0
0.0201613	0.299288	0
0.177878	0.114996	0
-0.164842	-0.233638	0
0.232825	0.0815683	0
0.110839	-0.21351	0
0.27126	-0.149297	0
-0.0728045	0.0806212	0
-0.258406	-0.243096	0
-0.2242	-0.156694	0
-0.149341	0.357205	0
0.0344292	-0.363498	0
-0.111565	-0.315909	0
-0.138321	-0.0168165	0
-0.208923	-0.326785	0
0.0896732	-0.174201	0
0.363322	0.0994593	0
0.389428	-0.17247	0
0.0710116	0.287228	0
-0.064099	0.292229	0
0.33588	0.186463	0
-0.179642	-0.266993	0
0.24789	-0.348829	0
-0.0622891	0.233519	0
-0.0666492	-0.0297029	0
0.12372	0.0282262	0
0.0400436	0.394479	0
0.120448	-0.260953	0
0.350875	-0.0532826	0
0.15932	-0.3547	0
-0.105108	-0.27626	0
0.00109855	-0.435858	0
0.00749692	-0.466556	0
0.324596	0.143211	0
-0.06809	0.0406007	0
0.133664	-0.112718	0
-0.0473148	-0.0169542	0
0.0504582	0.301037	0
-0.227109	0.137439	0
-0.184375	0.115292	0
-0.138428	0.0439752	0
0.110465	0.217424	0
0.168976	-0.399353	0
0.0222311	-0.00628321	0
-0.254167	-0.0059371	0
-0.17043	0.138556	0
0.161603	0.177675	0
0.0331744	-0.00494636	0
0.0433955	-0.00329118	0
-0.378825	-0.0965308	0
-0.165807	-0.278844	0
0.0581683	-0.371624	0
0.0899521	-0.0868772	0
0.054392	0.162258	0
-0.124644	0.242649	0
-0.203662	0.347973	0
0.00733895	-0.111792	0
0.0982208	-0.313991	0
-0.075692	0.0509366	0
-0.267206	-0.089875	0
0.137291	-0.0996784	0
0.387544	0.0642689	0
0.204265	-0.305541	0
0.0107588	-0.3694	0
-0.315787	0.015144	0
0.0995865	0.0339379	0
0.380811	0.289484	0
0.360329	0.316124	0
-0.289434	0.380943	0
-0.316121	0.360336	0
0.289022	0.380977	0
0.316346	0.360733	0
-0.380809	0.289196	0
-0.360727	0.316352	0
-0.0750185	-0.0196994	0
0.355443	-0.241336	0
-0.0211895	-0.427192	0
-0.335557	0.335544	0
0.335543	0.335558	0
0.207744	0.0767131	0
-0.0766502	-0.341813	0
0.223666	0.35513	0
-0.104591	0.350855	0
-0.217519	0.137926	0
0.1375	-0.00561071	0
0.109008	-0.29476	0
0.161507	0.122013	0
-0.0529949	-0.0277829	0
0.158505	0.19464	0
-0.121006	0.0760143	0
-0.369251	0.269193	0
0.268715	0.369466	0
-0.267915	0.370774	0
0.370774	0.267915	0
0.103569	0.226602	0
0.0410239	0.207736	0
0.0848301	-0.33358	0
-0.173355	0.356767	0
-0.136574	0.227869	0
-0.107101	-0.243633	0
0.0468406	0.171065	0
0.173192	0.34085	0
0.168303	0.169429	0
0.067715	-0.121727	0
-0.253808	0.142753	0
0.261921	0.134564	0
0.161965	0.332809	0
0.170645	-0.134362	0
-0.417806	-0.08981	0
-0.0432893	-0.430663	0
-0.0929496	-0.166043	0
-0.272334	-0.110191	0
0.0742607	0.235277	0
-0.394265	0.180454	0
-0.106439	-0.265699	0
8.85295e-05	-0.102945	0
-0.099346	-0.426388	0
0.36001	0.0538033	0
-0.197496	0.113686	0
0.041833	0.311578	0
0.381307	0.18768	0
0.0531892	0.209547	0
-0.0726512	-0.000272143	0
0.0353973	0.170555	0
0.0588347	0.221199	0
0.246026	0.084435	0
0.0926419	-0.164762	0
0.0867642	-0.0327284	0
-0.344203	0.054795	0
0.164406	0.186483	0
0.263159	0.0999455	0
0.0656166	-0.0267205	0
-0.147935	0.19707	0
-0.0772186	0.201708	0
0.0563573	0.463663	0
-0.35676	0.0182864	0
0.186748	0.395101	0
0.129547	-0.273148	0
-0.137739	-0.132149	0
0.315913	0.152638	0
-0.132528	-0.26299	0
0.0974782	-0.426714	0
0.111212	-0.28382	0
0.378757	-0.0788182	0
0.354261	0.193531	0
0.0739858	-0.160141	0
0.204583	0.153973	0
0.225537	0.383245	0
-0.274851	-0.222915	0
-0.0555587	-0.149046	0
0.319062	0.118614	0
-0.0717953	0.0303752	0
-0.166151	0.332843	0
-0.395612	-0.00874736	0
-0.00387978	-0.0804586	0
-0.114379	0.366556	0
-0.00706082	-0.0961896	0
0.234597	0.125201	0
-0.136595	0.271983	0
0.0698859	0.223697	0
0.108414	-0.0819435	0
-0.0764152	0.286945	0
0.0972853	0.0628942	0
-0.0764056	0.0196538	0
0.126522	-0.223921	0
0.173411	0.425955	0
-0.0735631	0.213107	0
-0.127159	-0.317528	0
0.0559146	-0.354904	0
0.404566	-0.107276	0
-0.244825	0.144204	0
0.066275	0.24407	0
-0.250269	0.375113	0
0.374491	0.252977	0
-0.140653	0.21683	0
-0.31977	0.127937	0
-0.297846	0.111592	0
0.0345568	0.18805	0
-0.0961058	-0.204251	0
-0.173855	0.419695	0
-0.356211	0.266076	0
0.265981	0.356253	0
0.356969	0.266153	0
-0.266153	0.356969	0
-0.132201	0.0745277	0
-0.289272	0.0985534	0
-0.0803035	0.00700959	0
-0.131261	0.359202	0
0.182383	0.348795	0
0.00251092	0.0363209	0
-0.143923	0.206962	0
-0.372267	0.19113	0
-0.0699103	0.191298	0
-0.305235	0.146662	0
-0.234443	0.133764	0
0.104202	0.0468397	0
-0.354532	-0.301671	0
0.0135329	0.310775	0
0.148836	-0.293399	0
-0.184939	0.0433871	0
0.0975039	-0.0302309	0
-0.0114909	-0.366669	0
0.0329612	-0.140961	0
0.201999	0.0636857	0
-0.00269797	0.439177	0
0.153235	0.31313	0
0.015512	-0.134871	0
0.0868179	0.461802	0
0.136327	0.238779	0
-0.0862359	-0.14607	0
-0.340434	0.177166	0
-0.0909516	0.309231	0
-0.346493	0.183856	0
-0.152291	-0.167533	0
-0.0681352	0.222741	0
0.178359	-0.193172	0
-0.413283	0.104427	0
0.116679	-0.24922	0
-0.0990486	-0.313368	0
0.400443	0.176322	0
0.423587	0.167288	0
-0.167575	-0.206217	0
0.150672	-0.00326071	0
-0.0446575	-0.358145	0
0.140046	-0.22312	0
0.12789	0.267146	0
0.0476995	0.427522	0
-0.174102	0.129301	0
-0.172733	0.175817	0
-0.093829	-0.0435439	0
-0.141043	-0.144291	0
0.050922	0.0751777	0
0.194936	-0.122028	0
0.151616	-0.258329	0
0.0536298	-0.00221453	0
-0.173775	-0.361918	0
-0.156928	-0.220883	0
0.314212	-0.0219766	0
0.0442436	-0.131425	0
-0.368386	-0.232545	0
-0.335828	-0.262725	0
0.276821	-0.338549	0
-0.145413	0.303694	0
-0.100583	-0.190849	0
0.0650406	-0.348103	0
-0.0617771	0.182426	0
-0.133571	-0.115879	0
0.136409	0.271289	0
-0.090803	-0.156892	0
0.336985	-0.271309	0
0.2724	0.137388	0
-0.193238	0.14961	0
0.147622	0.224251	0
-0.267755	0.0872805	0
0.21725	0.129312	0
0.0594706	-0.0105354	0
0.0763446	-0.354523	0
0.0502858	-0.441476	0
-0.033152	-0.374389	0
0.106418	0.254466	0
0.0371886	-0.468662	0
-0.150989	0.0430151	0
-0.104412	-0.235144	0
-0.10222	-0.217942	0
-0.0124158	0.361208	0
0.258089	0.0889905	0
-0.0867823	-0.451427	0
0.07804	0.0752564	0
-0.282028	-0.126285	0
-0.0470834	0.270671	0
0.0777787	-0.135322	0
-0.260846	0.0103789	0
-0.209073	0.112396	0
-0.049499	0.437686	0
-0.057057	0.466617	0
0.027962	0.312772	0
0.088256	-0.346594	0
0.106679	0.319938	0
0.394535	0.126287	0
0.267173	0.0451919	0
0.106751	0.272484	0
0.172484	-0.374554	0
0.170632	0.351331	0
-0.112144	-0.221161	0
-0.133961	0.257117	0
0.104794	-0.205317	0
-0.104986	-0.0453688	0
0.25064	0.369995	0
0.240725	0.382403	0
-0.052834	0.184741	0
0.156621	0.112367	0
0.0231543	-0.364837	0
-0.152673	-0.0185902	0
-0.162233	0.350657	0
-0.369732	0.0960815	0
0.14414	0.2941	0
0.320236	0.131534	0
-0.258472	-0.155569	0
0.108889	-0.0724952	0
-0.132055	-0.431313	0
0.0476383	0.249388	0
-0.313342	0.152236	0
0.0964071	-0.187869	0
-0.0190439	-0.0805928	0
-0.228889	0.383435	0
0.24271	0.126651	0
-0.0798626	0.0846725	0
0.398843	0.0153371	0
-0.178153	0.162429	0
0.148028	0.303553	0
-0.042254	0.173209	0
0.419876	0.135826	0
0.0806661	-0.155592	0
0.0667396	-0.155636	0
0.13824	0.279498	0
0.108448	-0.332415	0
0.129781	-0.43148	0
-0.0284794	-0.0820736	0
0.284272	-0.170837	0
-0.153549	-0.0824306	0
-0.362357	0.290177	0
-0.351332	0.286815	0
0.290137	0.362381	0
0.28681	0.351335	0
0.362457	0.290107	0
0.35142	0.286817	0
-0.290104	0.362465	0
-0.286816	0.351422	0
0.315544	0.104622	0
-0.00360631	0.468229	0
-0.052294	0.23314	0
0.227824	-0.301341	0
0.17934	-0.149219	0
-0.127299	-0.107258	0
0.0818472	0.0891564	0
0.132395	0.0319111	0
0.128551	-0.0720289	0
-0.0421857	-0.0840338	0
0.115291	0.0314588	0
0.214112	0.40327	0
-0.408218	0.218408	0
0.403961	0.221423	0
-0.219468	0.403995	0
0.101762	-0.196627	0
